# name: debug
# type: sparse matrix
# nnz: 4356
# rows: 66
# columns: 66

1 1 22419899.2
2 1 -3824637.31
3 1 3815101.81
4 1 -136380.613
5 1 -1622685.45
6 1 -655052.289
7 1 -879504.779
8 1 -321341.483
9 1 -320731.028
10 1 -49679.267
11 1 85257.4427
12 1 49441.8108
13 1 -987200.417
14 1 -192692.173
15 1 -408298.139
16 1 -40308.0273
17 1 105304.301
18 1 49449.4238
19 1 -1119753.99
20 1 -210912.803
21 1 -456257.958
22 1 -44235.3237
23 1 119358.312
24 1 56423.1758
25 1 -1044370.01
26 1 -169257.754
27 1 -428530.673
28 1 -38791.8461
29 1 110114.026
30 1 50751.4329
31 1 -937364.26
32 1 -163202.695
33 1 -373101.471
34 1 -35188.6861
35 1 102307.76
36 1 46958.5156
37 1 -1078982.7
38 1 87931.0849
39 1 -403281.773
40 1 -6596.43541
41 1 107494.034
42 1 45930.2872
43 1 -1158456.62
44 1 192556.849
45 1 -385762.266
46 1 6328.26059
47 1 116878.64
48 1 50885.1252
49 1 -976325.375
50 1 281370.556
51 1 -273699.99
52 1 21263.2177
53 1 100522.19
54 1 46549.0251
55 1 -1085175.94
56 1 354313.116
57 1 -239370.928
58 1 31464.948
59 1 111287.969
60 1 53050.6869
61 1 -1109316.09
62 1 402898.605
63 1 -180906.681
64 1 40990.5847
65 1 115088.113
66 1 55202.5244
1 2 -3824637.31
2 2 27581312.8
3 2 7716700.48
4 2 2109343.06
5 2 156228.979
6 2 281535.596
7 2 33268.3745
8 2 -1108745.11
9 2 -455216.261
10 2 -127378.306
11 2 789.358998
12 2 -9299.38384
13 2 194641.079
14 2 -1286785.12
15 2 -495833.46
16 2 -154159.321
17 2 -5025.38118
18 2 -47802.0111
19 2 206160.85
20 2 -1425002.02
21 2 -586479.374
22 2 -173384.964
23 2 -4605.01382
24 2 -52216.7429
25 2 205932.913
26 2 -1327022.75
27 2 -531960.831
28 2 -159167.089
29 2 -3865.78158
30 2 -52895.5023
31 2 210666.691
32 2 -1301898.04
33 2 -533918.683
34 2 -161123.85
35 2 -7362.99936
36 2 -51573.0067
37 2 294459.962
38 2 -1291915.42
39 2 -485188.757
40 2 -134974.676
41 2 -11600.1107
42 2 -53299.6595
43 2 296301.262
44 2 -1329496.17
45 2 -482649.049
46 2 -139671.653
47 2 -10668.8401
48 2 -57946.4285
49 2 218445.867
50 2 -1039215.96
51 2 -362558.695
52 2 -108367.666
53 2 -6932.07909
54 2 -47007.8826
55 2 246466.339
56 2 -1140868.72
57 2 -426899.748
58 2 -123144.316
59 2 -9361.02953
60 2 -49610.8482
61 2 243267.556
62 2 -1128703.02
63 2 -431149.49
64 2 -125503.518
65 2 -10982.7851
66 2 -46685.1419
1 3 3815101.81
2 3 7716700.48
3 3 6284090.97
4 3 706722.629
5 3 -139679.232
6 3 -19848.3659
7 3 91218.3631
8 3 -281777.138
9 3 -205546.021
10 3 -36925.6459
11 3 -8821.91734
12 3 -11011.2556
13 3 110847.12
14 3 -395452.766
15 3 -230503.731
16 3 -50432.0526
17 3 -4504.34556
18 3 -20223.7894
19 3 147670.009
20 3 -475131.637
21 3 -270340.818
22 3 -60873.0678
23 3 -8147.76131
24 3 -24282.8663
25 3 133596.696
26 3 -440466.243
27 3 -241757.164
28 3 -55227.2713
29 3 -5917.4387
30 3 -23100.7113
31 3 180369.267
32 3 -434976.115
33 3 -242022.037
34 3 -57131.0312
35 3 -13273.3178
36 3 -24663.1831
37 3 185824.355
38 3 -492132.474
39 3 -236401.581
40 3 -55230.3692
41 3 -14726.0706
42 3 -24218.6802
43 3 170285.451
44 3 -515988.435
45 3 -242303.474
46 3 -58622.7998
47 3 -12910.6593
48 3 -24636.1262
49 3 130989.13
50 3 -396186.955
51 3 -180382.142
52 3 -45760.8488
53 3 -10569.4568
54 3 -18937.7285
55 3 168316.561
56 3 -471266.659
57 3 -230854.424
58 3 -56917.0886
59 3 -14787.751
60 3 -21422.3531
61 3 193612.441
62 3 -492605.374
63 3 -242461.713
64 3 -61435.3553
65 3 -18699.6249
66 3 -21775.8396
1 4 -136380.613
2 4 2109343.06
3 4 706722.629
4 4 252405.188
5 4 34140.48
6 4 31113.1859
7 4 8031.01962
8 4 -118267.263
9 4 -54907.4824
10 4 -14948.9513
11 4 -389.3292
12 4 -1568.92859
13 4 26344.812
14 4 -152326.569
15 4 -63507.1024
16 4 -19976.9147
17 4 -702.035763
18 4 -6867.68538
19 4 30107.3964
20 4 -170571.445
21 4 -74609.4981
22 4 -22391.6602
23 4 -889.951526
24 4 -7584.62806
25 4 28589.8641
26 4 -158059.459
27 4 -67419.3996
28 4 -20639.6967
29 4 -645.738179
30 4 -7595.69138
31 4 32877.6435
32 4 -156845.809
33 4 -68237.6382
34 4 -21030.5216
35 4 -1450.71985
36 4 -7727.93265
37 4 34636.6971
38 4 -133715.732
39 4 -54095.6219
40 4 -15338.6861
41 4 -1856.43341
42 4 -5955.25682
43 4 34343.8738
44 4 -139071.043
45 4 -54481.9484
46 4 -16146.1425
47 4 -1674.37227
48 4 -6534.31298
49 4 25536.2486
50 4 -107680.043
51 4 -40622.5859
52 4 -12486.742
53 4 -1176.08427
54 4 -5247.64547
55 4 30230.5058
56 4 -121203.017
57 4 -49263.2547
58 4 -14538.9285
59 4 -1629.25251
60 4 -5674.76026
61 4 31504.8163
62 4 -122255.176
63 4 -50839.9172
64 4 -15101.4378
65 4 -1990.67932
66 4 -5444.45501
1 5 -1622685.45
2 5 156228.979
3 5 -139679.232
4 5 34140.48
5 5 159260.594
6 5 61082.1353
7 5 89080.7198
8 5 31874.382
9 5 26914.1582
10 5 4667.94272
11 5 -9266.49911
12 5 -5038.3563
13 5 101486.388
14 5 20672.5034
15 5 40333.198
16 5 4243.52927
17 5 -11569.3067
18 5 -5029.10081
19 5 115285.444
20 5 20312.315
21 5 43228.9025
22 5 4306.78099
23 5 -12980.854
24 5 -5734.67627
25 5 105241.108
26 5 17611.9839
27 5 41487.3321
28 5 3975.88397
29 5 -11785.6416
30 5 -5074.91871
31 5 98632.134
32 5 13106.232
33 5 33561.25
34 5 3101.62635
35 5 -11282.6813
36 5 -4826.59558
37 5 99530.44
38 5 -12795.6597
39 5 28052.2341
40 5 -321.611224
41 5 -10736.0256
42 5 -4560.17159
43 5 106837.473
44 5 -23167.3854
45 5 26667.3271
46 5 -1563.04761
47 5 -11696.8329
48 5 -5079.52172
49 5 91874.6867
50 5 -32501.9849
51 5 17863.8684
52 5 -3042.78218
53 5 -10221.0772
54 5 -4789.75431
55 5 103342.024
56 5 -42294.9264
57 5 12284.5834
58 5 -4474.53588
59 5 -11450.4514
60 5 -5502.81158
61 5 107770.953
62 5 -49572.8657
63 5 5685.74903
64 5 -5752.25283
65 5 -12030.5612
66 5 -5855.30578
1 6 -655052.289
2 6 281535.596
3 6 -19848.3659
4 6 31113.1859
5 6 61082.1353
6 6 55481.1396
7 6 42160.8527
8 6 32904.2974
9 6 21644.7265
10 6 4733.02443
11 6 -3849.19021
12 6 -3518.72808
13 6 44098.3586
14 6 13586.6742
15 6 19858.7362
16 6 2466.25088
17 6 -4415.00378
18 6 -3536.57203
19 6 50659.6905
20 6 18340.047
21 6 24084.3857
22 6 3175.71449
23 6 -5097.25591
24 6 -3852.7823
25 6 45721.5623
26 6 12969.3362
27 6 20822.6274
28 6 2395.31402
29 6 -4600.03296
30 6 -3406.59688
31 6 40550.7408
32 6 19255.9021
33 6 21875.9718
34 6 3181.48277
35 6 -4156.52702
36 6 -3193.59472
37 6 34123.8569
38 6 7379.97361
39 6 17145.3203
40 6 1875.90555
41 6 -3515.78271
42 6 -1837.85279
43 6 36650.2714
44 6 -419.181205
45 6 14042.4385
46 6 840.878675
47 6 -3852.07235
48 6 -2038.8649
49 6 29481.98
50 6 -5916.55169
51 6 8558.83064
52 6 -100.850981
53 6 -3180.01432
54 6 -1755.60696
55 6 33368.4108
56 6 -7112.8404
57 6 8351.92975
58 6 -251.729586
59 6 -3565.47665
60 6 -2050.09072
61 6 34571.7316
62 6 -7634.16207
63 6 7081.61214
64 6 -403.439556
65 6 -3753.67598
66 6 -2116.57771
1 7 -879504.779
2 7 33268.3745
3 7 91218.3631
4 7 8031.01962
5 7 89080.7198
6 7 42160.8527
7 7 28303787
8 7 -361615.134
9 7 -211153.461
10 7 -341069.156
11 7 -3730082.75
12 7 -1658851.72
13 7 -2864448.91
14 7 130621.307
15 7 -343416.153
16 7 -2182537.95
17 7 750818.732
18 7 -883770.621
19 7 -3107366.4
20 7 204905.94
21 7 -276521.246
22 7 2448212.71
23 7 473023.309
24 7 1557276.54
25 7 -2737357.9
26 7 72389.7036
27 7 -171785.278
28 7 29245.3669
29 7 462054.632
30 7 170901.588
31 7 -2762485.81
32 7 -45145.0597
33 7 -160230.294
34 7 363.781003
35 7 220836.52
36 7 105600.2
37 7 -2611028.03
38 7 -50074.3168
39 7 -269352.174
40 7 -25916.2231
41 7 317955.128
42 7 131051.663
43 7 -2593342.95
44 7 -81963.0687
45 7 -258336.117
46 7 -33734.8118
47 7 318768.572
48 7 138645.464
49 7 -2225332.81
50 7 -29998.8859
51 7 -232045.018
52 7 -22585.9067
53 7 271862.815
54 7 120432.857
55 7 -2831139.31
56 7 -17263.46
57 7 -294689.884
58 7 -21065.0362
59 7 336556.23
60 7 153762.862
61 7 -3237043.46
62 7 -34518.9252
63 7 -327569.312
64 7 -26422.6131
65 7 382540.147
66 7 176071.992
1 8 -321341.483
2 8 -1108745.11
3 8 -281777.138
4 8 -118267.263
5 8 31874.382
6 8 32904.2974
7 8 -361615.134
8 8 24300022.3
9 8 7542537.12
10 8 4775576.75
11 8 110510.929
12 8 808683.919
13 8 252083.696
14 8 -2681871.27
15 8 -779643.419
16 8 -275198.228
17 8 -32416.4562
18 8 9538.69001
19 8 228940.194
20 8 -2853439.92
21 8 -800490.137
22 8 -1770159.41
23 8 -142168.584
24 8 -845953.332
25 8 86326.4727
26 8 -2502479.68
27 8 -728337.472
28 8 -696062.012
29 8 -13494.8715
30 8 -192777.437
31 8 23210.1337
32 8 -2444108.97
33 8 -781112.833
34 8 -455899.28
35 8 39369.5544
36 8 -59803.1559
37 8 52600.6117
38 8 -2024304.67
39 8 -699377.628
40 8 -269460.358
41 8 9475.23725
42 8 -28259.7314
43 8 18264.1298
44 8 -1901398.66
45 8 -679294.035
46 8 -249358.349
47 8 18149.1705
48 8 -31679.5999
49 8 2841.77093
50 8 -1566325.1
51 8 -551966.45
52 8 -202609.152
53 8 16611.5695
54 8 -30317.2701
55 8 36198.177
56 8 -1961821.59
57 8 -726220.991
58 8 -254403.558
59 8 11580.4091
60 8 -36733.7476
61 8 62133.6573
62 8 -2155460.42
63 8 -822664.243
64 8 -279980.385
65 8 11226.7737
66 8 -41618.0768
1 9 -320731.028
2 9 -455216.261
3 9 -205546.021
4 9 -54907.4824
5 9 26914.1582
6 9 21644.7265
7 9 -211153.461
8 9 7542537.12
9 9 5030622.77
10 9 1585583.09
11 9 -847.251958
12 9 230558.227
13 9 -56333.2903
14 9 -853277.133
15 9 -577520.046
16 9 -1043403.8
17 9 164075.443
18 9 -441455.524
19 9 45917.0465
20 9 -843604.027
21 9 -595994.643
22 9 367357.45
23 9 -52798.947
24 9 249955.736
25 9 120801.496
26 9 -760309.853
27 9 -482599.97
28 9 -217298.252
29 9 15072.2976
30 9 -60239.9655
31 9 239815.749
32 9 -766382.977
33 9 -451373.975
34 9 -139944.713
35 9 -71385.9133
36 9 -43155.7392
37 9 249597.539
38 9 -649801.682
39 9 -376858.051
40 9 -89289.5954
41 9 -29370.7286
42 9 -20724.494
43 9 214134.031
44 9 -639272.242
45 9 -386571.296
46 9 -88226.1083
47 9 -25051.8109
48 9 -20540.4759
49 9 159423.989
50 9 -493515.824
51 9 -311130.106
52 9 -68748.102
53 9 -17287.5116
54 9 -17202.2008
55 9 171806.474
56 9 -641811.795
57 9 -395626.553
58 9 -90256.7314
59 9 -16493.6067
60 9 -20288.1757
61 9 176609.456
62 9 -740732.435
63 9 -446759.612
64 9 -103704.853
65 9 -16702.1426
66 9 -22043.1366
1 10 -49679.267
2 10 -127378.306
3 10 -36925.6459
4 10 -14948.9513
5 10 4667.94272
6 10 4733.02443
7 10 -341069.156
8 10 4775576.75
9 10 1585583.09
10 10 10329723.9
11 10 607986.343
12 10 4621152.18
13 10 21998.3171
14 10 -425251.81
15 10 -136070.631
16 10 -2053290.04
17 10 336774.669
18 10 -938468.472
19 10 41367.8723
20 10 -558869.342
21 10 -152068.514
22 10 -6105969.53
23 10 -954594.636
24 10 -3816911.19
25 10 35072.9626
26 10 -533752.522
27 10 -142222.931
28 10 -1193139.38
29 10 11037.3311
30 10 -633120.111
31 10 11065.8293
32 10 -376895.245
33 10 -117767.017
34 10 -328496.407
35 10 57895.9587
36 10 -148920.27
37 10 11213.0751
38 10 -252831.304
39 10 -89948.4022
40 10 -35837.8049
41 10 2048.71571
42 10 -3890.08188
43 10 3312.51894
44 10 -232795.699
45 10 -87465.7208
46 10 -31620.6155
47 10 4876.61378
48 10 -5205.98632
49 10 1551.70346
50 10 -186853.959
51 10 -70275.1802
52 10 -25191.5487
53 10 3416.42604
54 10 -4620.14559
55 10 8615.42318
56 10 -233675.266
57 10 -92589.59
58 10 -31668.9826
59 10 1464.21214
60 10 -5118.40964
61 10 10534.9956
62 10 -255967.233
63 10 -104456.643
64 10 -34492.7733
65 10 1621.566
66 10 -5754.25726
1 11 85257.4427
2 11 789.358998
3 11 -8821.91734
4 11 -389.3292
5 11 -9266.49911
6 11 -3849.19021
7 11 -3730082.75
8 11 110510.929
9 11 -847.251958
10 11 607986.343
11 11 2851953.58
12 11 1467127.5
13 11 361476.918
14 11 448608.894
15 11 217409.197
16 11 16020481.3
17 11 -2797699.03
18 11 7553427.67
19 11 497331.91
20 11 -31516.0678
21 11 60030.1104
22 11 -16461870.5
23 11 348292.217
24 11 -9212436.64
25 11 418263.796
26 11 -11418.712
27 11 41908.169
28 11 47709.0422
29 11 -283227.866
30 11 -46874.4516
31 11 294474.14
32 11 1993.11285
33 11 -14146.4571
34 11 3062.45006
35 11 263807.88
36 11 71355.0103
37 11 301127.712
38 11 6513.68179
39 11 22388.9942
40 11 4254.15819
41 11 -40736.6815
42 11 -14452.719
43 11 297278.256
44 11 15078.8898
45 11 21059.1266
46 11 7221.11242
47 11 -40811.4092
48 11 -15901.2935
49 11 251897.761
50 11 8276.21605
51 11 20511.9808
52 11 4520.91228
53 11 -33591.6799
54 11 -13803.479
55 11 312771.12
56 11 4718.23876
57 11 28023.7961
58 11 3035.19412
59 11 -39262.0958
60 11 -16979.5163
61 11 353107.956
62 11 8553.75776
63 11 31072.9889
64 11 3955.7597
65 11 -43789.2902
66 11 -19262.9738
1 12 49441.8108
2 12 -9299.38384
3 12 -11011.2556
4 12 -1568.92859
5 12 -5038.3563
6 12 -3518.72808
7 12 -1658851.72
8 12 808683.919
9 12 230558.227
10 12 4621152.18
11 12 1467127.5
12 12 2742161.32
13 12 145786.07
14 12 175339.053
15 12 87507.5634
16 12 6354922.48
17 12 -1102150.18
18 12 2986453.55
19 12 192778.866
20 12 -62450.393
21 12 11401.3209
22 12 -10083226.2
23 12 -212707.414
24 12 -5840535.11
25 12 156924.205
26 12 -49514.0099
27 12 5706.50592
28 12 -469558.507
29 12 -81592.5508
30 12 -301996.553
31 12 109839.783
32 12 19167.2118
33 12 2616.24793
34 12 -109292.849
35 12 120141.12
36 12 -45373.1299
37 12 117356.691
38 12 17454.0538
39 12 17051.2563
40 12 3752.15997
41 12 -13942.2742
42 12 -8327.35004
43 12 124340.041
44 12 10050.1003
45 12 14981.4659
46 12 1909.23052
47 12 -15576.8394
48 12 -8578.80445
49 12 102380.673
50 12 2547.40304
51 12 11144.8019
52 12 828.686017
53 12 -12695.5143
54 12 -7350.99725
55 12 128820.418
56 12 1239.17165
57 12 13592.1724
58 12 933.412062
59 12 -15244.5313
60 12 -9345.2839
61 12 148317.788
62 12 -574.064438
63 12 14533.0816
64 12 668.493109
65 12 -17519.2628
66 12 -10238.6707
1 13 -987200.417
2 13 194641.079
3 13 110847.12
4 13 26344.812
5 13 101486.388
6 13 44098.3586
7 13 -2864448.91
8 13 252083.696
9 13 -56333.2903
10 13 21998.3171
11 13 361476.918
12 13 145786.07
13 13 30906260.7
14 13 -2067103.19
15 13 1313266.33
16 13 -1017485.12
17 13 -8872767.11
18 13 -4039836.94
19 13 -3418293.11
20 13 490771.363
21 13 -310297.04
22 13 957258.74
23 13 5498489.03
24 13 2737025.23
25 13 -3289557.02
26 13 447384.674
27 13 -260499.936
28 13 31205.5196
29 13 474834.354
30 13 165861.505
31 13 -3204025.33
32 13 341022.369
33 13 -275299.049
34 13 23378.7186
35 13 428435.143
36 13 178155.718
37 13 -2831428.54
38 13 124072.431
39 13 -252204.308
40 13 -6231.83392
41 13 358145.48
42 13 146733.357
43 13 -3139267.09
44 13 100453.467
45 13 -250490.444
46 13 -10993.3035
47 13 391046.259
48 13 172813.339
49 13 -2996383.9
50 13 92979.828
51 13 -239150.162
52 13 -18317.2215
53 13 374718.6
54 13 171755.145
55 13 -2911488.57
56 13 116661.293
57 13 -226102.698
58 13 -4066.04489
59 13 356638.356
60 13 166752.522
61 13 -3638180.36
62 13 70755.1473
63 13 -222061.186
64 13 -11857.641
65 13 443824.792
66 13 207358.389
1 14 -192692.173
2 14 -1286785.12
3 14 -395452.766
4 14 -152326.569
5 14 20672.5034
6 14 13586.6742
7 14 130621.307
8 14 -2681871.27
9 14 -853277.133
10 14 -425251.81
11 14 448608.894
12 14 175339.053
13 14 -2067103.19
14 14 26319174.8
15 14 8045191.98
16 14 7726619.85
17 14 1260827.07
18 14 3022258.22
19 14 444607.773
20 14 -3340548.76
21 14 -911538.491
22 14 -4603175.15
23 14 -1622030.16
24 14 -3026854
25 14 389709.803
26 14 -3074170.19
27 14 -859763.159
28 14 -477591.462
29 14 -26280.271
30 14 -33049.8505
31 14 341895.141
32 14 -2957552.98
33 14 -887539.247
34 14 -426893.199
35 14 -27661.1014
36 14 -48106.7169
37 14 174619.829
38 14 -2282114.54
39 14 -764485.411
40 14 -315813.824
41 14 -1505.55987
42 14 -35754.1003
43 14 165289.663
44 14 -2379328.55
45 14 -850240.825
46 14 -326158.77
47 14 1937.69772
48 14 -41689.8972
49 14 94150.0038
50 14 -2145421.67
51 14 -778732.345
52 14 -283816.859
53 14 19206.6163
54 14 -48692.0294
55 14 119234.865
56 14 -2127186.61
57 14 -750939.103
58 14 -280809.739
59 14 4822.90709
60 14 -46046.2915
61 14 110484.343
62 14 -2532485.93
63 14 -935348.335
64 14 -336157.626
65 14 8990.46035
66 14 -46595.5162
1 15 -408298.139
2 15 -495833.46
3 15 -230503.731
4 15 -63507.1024
5 15 40333.198
6 15 19858.7362
7 15 -343416.153
8 15 -779643.419
9 15 -577520.046
10 15 -136070.631
11 15 217409.197
12 15 87507.5634
13 15 1313266.33
14 15 8045191.98
15 15 5622357.72
16 15 2297554.6
17 15 -2329278.06
18 15 -243341.954
19 15 -265792.626
20 15 -901183.525
21 15 -755912.694
22 15 -1282805.86
23 15 2077458.61
24 15 179676.96
25 15 -201442.048
26 15 -851682.354
27 15 -686194.7
28 15 -118218.819
29 15 10630.0991
30 15 970.86103
31 15 -92875.4639
32 15 -852312.455
33 15 -645934.093
34 15 -127801.739
35 15 11959.6072
36 15 -4323.11772
37 15 59743.6217
38 15 -700274.273
39 15 -466367.18
40 15 -98606.2009
41 15 -10119.3714
42 15 -12980.0445
43 15 49554.5992
44 15 -791708.809
45 15 -525841.171
46 15 -113736.737
47 15 -5866.51519
48 15 -13597.0059
49 15 23014.8991
50 15 -683168.579
51 15 -473882.23
52 15 -96873.2191
53 15 -3685.62825
54 15 -13141.9087
55 15 -5772.15684
56 15 -644269.879
57 15 -464959.222
58 15 -95413.386
59 15 3878.10402
60 15 -11343.7177
61 15 11719.92
62 15 -817291.469
63 15 -570954.135
64 15 -119719.602
65 15 -852.874614
66 15 -13518.7869
1 16 -40308.0273
2 16 -154159.321
3 16 -50432.0526
4 16 -19976.9147
5 16 4243.52927
6 16 2466.25088
7 16 -2182537.95
8 16 -275198.228
9 16 -1043403.8
10 16 -2053290.04
11 16 16020481.3
12 16 6354922.48
13 16 -1017485.12
14 16 7726619.85
15 16 2297554.6
16 16 139408374
17 16 8110341.98
18 16 78418727.5
19 16 35853.425
20 16 -540647.31
21 16 -140907.957
22 16 -135467710
23 16 -22676211.5
24 16 -86485779.9
25 16 25921.2976
26 16 -475094.181
27 16 -118428.503
28 16 -108092.344
29 16 3115.29773
30 16 8883.36317
31 16 32946.0073
32 16 -419649.546
33 16 -129721.689
34 16 -75103.7877
35 16 -2669.03756
36 16 -1359.87431
37 16 15717.133
38 16 -299620.235
39 16 -100721.203
40 16 -47377.208
41 16 2373.90571
42 16 -2744.13374
43 16 12944.7359
44 16 -307054.191
45 16 -113437.298
46 16 -45713.1463
47 16 3131.5784
48 16 -4702.11146
49 16 -1717.05436
50 16 -262683.602
51 16 -99677.8672
52 16 -36868.813
53 16 8933.73967
54 16 -7156.16763
55 16 8356.76004
56 16 -259707.211
57 16 -100080.938
58 16 -36495.9522
59 16 2066.92731
60 16 -5668.9107
61 16 6163.30824
62 16 -308768.643
63 16 -123354.274
64 16 -43097.4582
65 16 2885.17251
66 16 -5835.99726
1 17 105304.301
2 17 -5025.38118
3 17 -4504.34556
4 17 -702.035763
5 17 -11569.3067
6 17 -4415.00378
7 17 750818.732
8 17 -32416.4562
9 17 164075.443
10 17 336774.669
11 17 -2797699.03
12 17 -1102150.18
13 17 -8872767.11
14 17 1260827.07
15 17 -2329278.06
16 17 8110341.98
17 17 185267009
18 17 79073006.5
19 17 538233.004
20 17 -45671.0533
21 17 38484.5626
22 17 -9043559.24
23 17 -181633405
24 17 -78701151.8
25 17 471871.149
26 17 -37498.8888
27 17 16588.2295
28 17 1040.81446
29 17 -108631.388
30 17 -14776.7636
31 17 421381.79
32 17 -34158.8686
33 17 30377.8901
34 17 -2754.71557
35 17 -71229.5012
36 17 -19459.9089
37 17 341834.431
38 17 -5881.41753
39 17 20054.8971
40 17 3296.86536
41 17 -52188.3038
42 17 -15719.0433
43 17 369560.483
44 17 -793.266078
45 17 22118.8233
46 17 4356.98953
47 17 -52575.8407
48 17 -19079.9043
49 17 350536.472
50 17 6904.70444
51 17 18539.7153
52 17 8956.71621
53 17 -52221.2022
54 17 -20544.0997
55 17 335778.286
56 17 -2834.02909
57 17 23360.8209
58 17 2325.08461
59 17 -44518.1597
60 17 -18944.8207
61 17 415702.021
62 17 5548.28621
63 17 19697.6363
64 17 3833.5095
65 17 -54586.3019
66 17 -23492.0533
1 18 49449.4238
2 18 -47802.0111
3 18 -20223.7894
4 18 -6867.68538
5 18 -5029.10081
6 18 -3536.57203
7 18 -883770.621
8 18 9538.69001
9 18 -441455.524
10 18 -938468.472
11 18 7553427.67
12 18 2986453.55
13 18 -4039836.94
14 18 3022258.22
15 18 -243341.954
16 18 78418727.5
17 18 79073006.5
18 18 74452265.5
19 18 202211.153
20 18 -60261.2744
21 18 8421.08278
22 18 -76915410.4
23 18 -85546049.5
24 18 -78611047.2
25 18 162978.595
26 18 -27507.3849
27 18 5708.86549
28 18 10304.8253
29 18 -14819.5011
30 18 -23365.7562
31 18 167639.389
32 18 -28776.2331
33 18 9596.26756
34 18 2426.32112
35 18 -18457.0428
36 18 -19653.5285
37 18 129277.757
38 18 -6372.04095
39 18 9663.30626
40 18 2113.2931
41 18 -14640.6728
42 18 -11304.5932
43 18 152484.001
44 18 -12843.4059
45 18 8957.38866
46 18 8.79333059
47 18 -17878.2055
48 18 -12761.4366
49 18 142726.911
50 18 -21477.6528
51 18 5957.89044
52 18 -2425.1641
53 18 -17854.8227
54 18 -11038.1088
55 18 137320.587
56 18 -23497.8946
57 18 4128.91421
58 18 -2396.24678
59 18 -16285.1911
60 18 -11867.3938
61 18 172191.97
62 18 -22305.4816
63 18 3317.91366
64 18 -2407.72859
65 18 -20514.3875
66 18 -13776.2671
1 19 -1119753.99
2 19 206160.85
3 19 147670.009
4 19 30107.3964
5 19 115285.444
6 19 50659.6905
7 19 -3107366.4
8 19 228940.194
9 19 45917.0465
10 19 41367.8723
11 19 497331.91
12 19 192778.866
13 19 -3418293.11
14 19 444607.773
15 19 -265792.626
16 19 35853.425
17 19 538233.004
18 19 202211.153
19 19 29620060.4
20 19 -2218886.86
21 19 1529216.98
22 19 -269887.641
23 19 -4600268.52
24 19 -1870938.93
25 19 -3940162.14
26 19 613987.897
27 19 -384804.521
28 19 152281.493
29 19 1213711.3
30 19 486310.581
31 19 -3358572.55
32 19 372782.302
33 19 -299083.298
34 19 41318.5399
35 19 520258.379
36 19 214932.561
37 19 -2711882.89
38 19 52597.7561
39 19 -180519.815
40 19 -9158.74533
41 19 335842.784
42 19 150941.941
43 19 -2955660.95
44 19 -26550.3845
45 19 -116918.295
46 19 -22772.3818
47 19 378027.043
48 19 170747.194
49 19 -2181052.48
50 19 67986.7891
51 19 -162879.81
52 19 -10027.536
53 19 270552.776
54 19 126139.365
55 19 -2622360.76
56 19 113425.759
57 19 -224460.044
58 19 -2019.55095
59 19 314793.19
60 19 150179.739
61 19 -3019100.12
62 19 65313.4238
63 19 -210345.663
64 19 -7040.06855
65 19 361919.922
66 19 165856.525
1 20 -210912.803
2 20 -1425002.02
3 20 -475131.637
4 20 -170571.445
5 20 20312.315
6 20 18340.047
7 20 204905.94
8 20 -2853439.92
9 20 -843604.027
10 20 -558869.342
11 20 -31516.0678
12 20 -62450.393
13 20 490771.363
14 20 -3340548.76
15 20 -901183.525
16 20 -540647.31
17 20 -45671.0533
18 20 -60261.2744
19 20 -2218886.86
20 20 26135336.9
21 20 7800481.33
22 20 4536852.68
23 20 256016.33
24 20 903029.623
25 20 593794.01
26 20 -3887210.98
27 20 -1000303.95
28 20 -1286193.37
29 20 -156361.89
30 20 -496758.366
31 20 416570.588
32 20 -3265108.61
33 20 -920002.12
34 20 -591569.399
35 20 -48926.1746
36 20 -135758.437
37 20 143543.213
38 20 -2195089.08
39 20 -764501.278
40 20 -297052.572
41 20 -3890.99146
42 20 -23277.2713
43 20 73692.9673
44 20 -2263914.74
45 20 -789559.024
46 20 -308851.052
47 20 10726.7644
48 20 -16012.1272
49 20 102664.747
50 20 -1611740.38
51 20 -555655.926
52 20 -208360.825
53 20 7023.24863
54 20 -32464.6672
55 20 159115.144
56 20 -1944520.66
57 20 -679684.735
58 20 -250471.163
59 20 -2874.88711
60 20 -41661.2822
61 20 146113.193
62 20 -2172756.11
63 20 -762896.746
64 20 -279908.547
65 20 -1164.00989
66 20 -39257.9974
1 21 -456257.958
2 21 -586479.374
3 21 -270340.818
4 21 -74609.4981
5 21 43228.9025
6 21 24084.3857
7 21 -276521.246
8 21 -800490.137
9 21 -595994.643
10 21 -152068.514
11 21 60030.1104
12 21 11401.3209
13 21 -310297.04
14 21 -911538.491
15 21 -755912.694
16 21 -140907.957
17 21 38484.5626
18 21 8421.08278
19 21 1529216.98
20 21 7800481.33
21 21 5872278.3
22 21 1346165.09
23 21 -528715.441
24 21 13870.5359
25 21 -364711.012
26 21 -1002019.63
27 21 -910700.688
28 21 -325356.458
29 21 357435.45
30 21 10731.7193
31 21 -148219.235
32 21 -894786.895
33 21 -735525.786
34 21 -162371.781
35 21 51197.6577
36 21 -11444.2879
37 21 88395.1123
38 21 -702613.151
39 21 -486107.637
40 21 -102192.396
41 21 -14148.0786
42 21 -11711.9735
43 21 120191.995
44 21 -738059.621
45 21 -542337.817
46 21 -107675.489
47 21 -23034.6269
48 21 -12631.3184
49 21 7109.0844
50 21 -493465.479
51 21 -380029.933
52 21 -72070.3389
53 21 -3195.88788
54 21 -9462.3983
55 21 -48616.1287
56 21 -591479.836
57 21 -442452.928
58 21 -87990.403
59 21 6899.06819
60 21 -9036.89221
61 21 -41069.366
62 21 -676233.629
63 21 -478952.474
64 21 -98386.2469
65 21 3671.56784
66 21 -9743.10796
1 22 -44235.3237
2 22 -173384.964
3 22 -60873.0678
4 22 -22391.6602
5 22 4306.78099
6 22 3175.71449
7 22 2448212.71
8 22 -1770159.41
9 22 367357.45
10 22 -6105969.53
11 22 -16461870.5
12 22 -10083226.2
13 22 957258.74
14 22 -4603175.15
15 22 -1282805.86
16 22 -135467710
17 22 -9043559.24
18 22 -76915410.4
19 22 -269887.641
20 22 4536852.68
21 22 1346165.09
22 22 145500951
23 22 23991225.8
24 22 92382700.9
25 22 138716.563
26 22 -1239853.6
27 22 -313283.075
28 22 -4987927.28
29 22 18140.0193
30 22 -2740589.92
31 22 48187.5243
32 22 -530802.95
33 22 -147269.923
34 22 -565101.3
35 22 -18202.7772
36 22 -294824.599
37 22 15515.6126
38 22 -282824.821
39 22 -104614.338
40 22 -41764.8547
41 22 187.138491
42 22 -1681.91123
43 22 3292.65522
44 22 -291128.407
45 22 -107027.369
46 22 -44082.8616
47 22 5121.43297
48 22 -1100.02883
49 22 4237.88226
50 22 -194607.503
51 22 -73715.1175
52 22 -26671.3264
53 22 3760.79303
54 22 -3818.27149
55 22 12902.9739
56 22 -233062.056
57 22 -91404.2946
58 22 -31691.3184
59 22 628.242936
60 22 -4452.14722
61 22 11419.7114
62 22 -259059.761
63 22 -100512.749
64 22 -34929.4001
65 22 848.187952
66 22 -4188.99274
1 23 119358.312
2 23 -4605.01382
3 23 -8147.76131
4 23 -889.951526
5 23 -12980.854
6 23 -5097.25591
7 23 473023.309
8 23 -142168.584
9 23 -52798.947
10 23 -954594.636
11 23 348292.217
12 23 -212707.414
13 23 5498489.03
14 23 -1622030.16
15 23 2077458.61
16 23 -22676211.5
17 23 -181633405
18 23 -85546049.5
19 23 -4600268.52
20 23 256016.33
21 23 -528715.441
22 23 23991225.8
23 23 186746157
24 23 88873204.7
25 23 1167264.27
26 23 -158899.355
27 23 339255.538
28 23 -28403.7968
29 23 -5379233.83
30 23 -1845670.09
31 23 480350.736
32 23 -39394.3626
33 23 53032.0985
34 23 -6131.75879
35 23 -394441.124
36 23 -105959.631
37 23 323578.609
38 23 -714.444202
39 23 12252.8423
40 23 1922.75836
41 23 -44837.6851
42 23 -16513.51
43 23 358564.043
44 23 14138.0598
45 23 -910.772212
46 23 6900.93254
47 23 -54775.9152
48 23 -18948.7042
49 23 254852.367
50 23 4573.9073
51 23 11626.6337
52 23 4463.83814
53 23 -35785.7533
54 23 -14464.1819
55 23 297699.495
56 23 -2791.63424
57 23 22338.0542
58 23 1603.41679
59 23 -37839.5669
60 23 -16616.621
61 23 340036.537
62 23 3724.61375
63 23 18567.4154
64 23 2376.35573
65 23 -43094.0842
66 23 -18410.8861
1 24 56423.1758
2 24 -52216.7429
3 24 -24282.8663
4 24 -7584.62806
5 24 -5734.67627
6 24 -3852.7823
7 24 1557276.54
8 24 -845953.332
9 24 249955.736
10 24 -3816911.19
11 24 -9212436.64
12 24 -5840535.11
13 24 2737025.23
14 24 -3026854
15 24 179676.96
16 24 -86485779.9
17 24 -78701151.8
18 24 -78611047.2
19 24 -1870938.93
20 24 903029.623
21 24 13870.5359
22 24 92382700.9
23 24 88873204.7
24 24 88722517.9
25 24 464146.013
26 24 -463598.381
27 24 13880.0835
28 24 -2718630.34
29 24 -1830423.71
30 24 -2221320.36
31 24 195022.053
32 24 -79711.8863
33 24 7299.64032
34 24 -260687.874
35 24 -121344.709
36 24 -206350.213
37 24 134860.547
38 24 1877.53146
39 24 8739.92845
40 24 2469.59361
41 24 -15233.2556
42 24 -11483.641
43 24 153737.627
44 24 6256.29125
45 24 5818.76131
46 24 2601.72183
47 24 -18068.2114
48 24 -13086.2965
49 24 107105.605
50 24 -14905.6011
51 24 2684.48333
52 24 -1064.40414
53 24 -12834.7923
54 24 -8652.72101
55 24 125993.982
56 24 -23077.3642
57 24 2761.75442
58 24 -1902.44517
59 24 -14527.7076
60 24 -10403.2223
61 24 140117.427
62 24 -20660.4502
63 24 1453.71889
64 24 -1748.45011
65 24 -16361.3253
66 24 -10755.7542
1 25 -1044370.01
2 25 205932.913
3 25 133596.696
4 25 28589.8641
5 25 105241.108
6 25 45721.5623
7 25 -2737357.9
8 25 86326.4727
9 25 120801.496
10 25 35072.9626
11 25 418263.796
12 25 156924.205
13 25 -3289557.02
14 25 389709.803
15 25 -201442.048
16 25 25921.2976
17 25 471871.149
18 25 162978.595
19 25 -3940162.14
20 25 593794.01
21 25 -364711.012
22 25 138716.563
23 25 1167264.27
24 25 464146.013
25 25 30735741.7
26 25 -2439742.45
27 25 1631770.93
28 25 -279863.221
29 25 -4643165.14
30 25 -1881106.23
31 25 -3328440.72
32 25 410238.717
33 25 -323791.24
34 25 43343.1777
35 25 534553.772
36 25 212273.978
37 25 -2670493.78
38 25 81730.9614
39 25 -193011.275
40 25 -13520.1546
41 25 349705.281
42 25 146795.141
43 25 -3113897.51
44 25 50015.0409
45 25 -193626.203
46 25 -11940.5724
47 25 391643.99
48 25 182948.259
49 25 -2815216.56
50 25 123801.411
51 25 -229523.516
52 25 -9836.21423
53 25 356051.966
54 25 170296.141
55 25 -2930385.25
56 25 176129.6
57 25 -261666.562
58 25 4150.56828
59 25 356369.791
60 25 175451.857
61 25 -3645577.74
62 25 162800.159
63 25 -276859.753
64 25 1290.18965
65 25 438731.516
66 25 216016.785
1 26 -169257.754
2 26 -1327022.75
3 26 -440466.243
4 26 -158059.459
5 26 17611.9839
6 26 12969.3362
7 26 72389.7036
8 26 -2502479.68
9 26 -760309.853
10 26 -533752.522
11 26 -11418.712
12 26 -49514.0099
13 26 447384.674
14 26 -3074170.19
15 26 -851682.354
16 26 -475094.181
17 26 -37498.8888
18 26 -27507.3849
19 26 613987.897
20 26 -3887210.98
21 26 -1002019.63
22 26 -1239853.6
23 26 -158899.355
24 26 -463598.381
25 26 -2439742.45
26 26 26557204.7
27 26 8099357.21
28 26 4593900.71
29 26 257447.82
30 26 925303.413
31 26 467534.428
32 26 -3259613.61
33 26 -896844.711
34 26 -598338.769
35 26 -57996.0996
36 26 -150815.797
37 26 179547.206
38 26 -2171279.73
39 26 -733268.149
40 26 -304783.999
41 26 -63.2760897
42 26 -31921.3135
43 26 171819.708
44 26 -2412436.37
45 26 -859578.795
46 26 -331628.873
47 26 -3867.58856
48 26 -35335.0368
49 26 173948.012
50 26 -2077389.1
51 26 -741302.853
52 26 -278632.286
53 26 4983.82332
54 26 -51112.7347
55 26 228822.393
56 26 -2177504.74
57 26 -785443.883
58 26 -289865.794
59 26 -9985.93025
60 26 -56554.6882
61 26 261984.389
62 26 -2600872.9
63 26 -969911.894
64 26 -347012.569
65 26 -11371.2223
66 26 -59951.7566
1 27 -428530.673
2 27 -531960.831
3 27 -241757.164
4 27 -67419.3996
5 27 41487.3321
6 27 20822.6274
7 27 -171785.278
8 27 -728337.472
9 27 -482599.97
10 27 -142222.931
11 27 41908.169
12 27 5706.50592
13 27 -260499.936
14 27 -859763.159
15 27 -686194.7
16 27 -118428.503
17 27 16588.2295
18 27 5708.86549
19 27 -384804.521
20 27 -1000303.95
21 27 -910700.688
22 27 -313283.075
23 27 339255.538
24 27 13880.0835
25 27 1631770.93
26 27 8099357.21
27 27 5877033.61
28 27 1368852.61
29 27 -528316.701
30 27 22415.4007
31 27 -192419.92
32 27 -874176.625
33 27 -722056.288
34 27 -159098.808
35 27 62867.6719
36 27 -10187.8352
37 27 53526.7566
38 27 -681122.826
39 27 -470040.248
40 27 -97638.9822
41 27 -11373.6719
42 27 -10967.9735
43 27 51246.8231
44 27 -808134.018
45 27 -571307.181
46 27 -120653.475
47 27 -6765.76497
48 27 -12239.7447
49 27 -27880.6577
50 27 -659628.473
51 27 -498153.022
52 27 -98453.0014
53 27 3418.73528
54 27 -10951.8772
55 27 -84460.972
56 27 -686318.631
57 27 -502931.498
58 27 -105054.257
59 27 16397.2285
60 27 -8591.04197
61 27 -94497.5101
62 27 -862866.585
63 27 -611960.587
64 27 -129992.648
65 27 15709.299
66 27 -10283.9386
1 28 -38791.8461
2 28 -159167.089
3 28 -55227.2713
4 28 -20639.6967
5 28 3975.88397
6 28 2395.31402
7 28 29245.3669
8 28 -696062.012
9 28 -217298.252
10 28 -1193139.38
11 28 47709.0422
12 28 -469558.507
13 28 31205.5196
14 28 -477591.462
15 28 -118218.819
16 28 -108092.344
17 28 1040.81446
18 28 10304.8253
19 28 152281.493
20 28 -1286193.37
21 28 -325356.458
22 28 -4987927.28
23 28 -28403.7968
24 28 -2718630.34
25 28 -279863.221
26 28 4593900.71
27 28 1368852.61
28 28 7079649.59
29 28 -31849.5924
30 28 3641364.46
31 28 53712.6304
32 28 -538792.271
33 28 -142841.899
34 28 -605861.994
35 28 -34939.1236
36 28 -322944.464
37 28 12441.8196
38 28 -290303.718
39 28 -98869.7451
40 28 -47022.02
41 28 3999.97967
42 28 -2316.56478
43 28 16396.1617
44 28 -313556.924
45 28 -119609.565
46 28 -46914.7968
47 28 1716.34469
48 28 -4029.20183
49 28 9243.64191
50 28 -259195.181
51 28 -99945.1862
52 28 -37682.3519
53 28 5919.13916
54 28 -6678.2011
55 28 20077.7434
56 28 -269011.52
57 28 -108547.52
58 28 -37956.0885
59 28 145.439062
60 28 -6830.94032
61 28 22548.6163
62 28 -319988.334
63 28 -131996.038
64 28 -44955.8107
65 28 148.884936
66 28 -7241.76438
1 29 110114.026
2 29 -3865.78158
3 29 -5917.4387
4 29 -645.738179
5 29 -11785.6416
6 29 -4600.03296
7 29 462054.632
8 29 -13494.8715
9 29 15072.2976
10 29 11037.3311
11 29 -283227.866
12 29 -81592.5508
13 29 474834.354
14 29 -26280.271
15 29 10630.0991
16 29 3115.29773
17 29 -108631.388
18 29 -14819.5011
19 29 1213711.3
20 29 -156361.89
21 29 357435.45
22 29 18140.0193
23 29 -5379233.83
24 29 -1830423.71
25 29 -4643165.14
26 29 257447.82
27 29 -528316.701
28 29 -31849.5924
29 29 6507060.74
30 29 2140241.19
31 29 490911.367
32 29 -40754.2094
33 29 62229.4865
34 29 -4339.30027
35 29 -462216.992
36 29 -121728.702
37 29 334262.278
38 29 3330.80545
39 29 12627.3716
40 29 5894.19101
41 29 -54420.9792
42 29 -16190.2551
43 29 371593.444
44 29 3380.28182
45 29 16108.7022
46 29 4025.34665
47 29 -53203.8265
48 29 -20437.2266
49 29 333905.392
50 29 1924.03374
51 29 19610.2742
52 29 6832.89873
53 29 -50183.6521
54 29 -20185.5036
55 29 336488.507
56 29 -9676.58066
57 29 31303.6533
58 29 1160.27127
59 29 -43592.8722
60 29 -20001.4847
61 29 412171.77
62 29 -5225.42803
63 29 30733.8703
64 29 1860.33851
65 29 -52700.8303
66 29 -24281.9184
1 30 50751.4329
2 30 -52895.5023
3 30 -23100.7113
4 30 -7595.69138
5 30 -5074.91871
6 30 -3406.59688
7 30 170901.588
8 30 -192777.437
9 30 -60239.9655
10 30 -633120.111
11 30 -46874.4516
12 30 -301996.553
13 30 165861.505
14 30 -33049.8505
15 30 970.86103
16 30 8883.36317
17 30 -14776.7636
18 30 -23365.7562
19 30 486310.581
20 30 -496758.366
21 30 10731.7193
22 30 -2740589.92
23 30 -1845670.09
24 30 -2221320.36
25 30 -1881106.23
26 30 925303.413
27 30 22415.4007
28 30 3641364.46
29 30 2140241.19
30 30 2908395.41
31 30 193783.707
32 30 -95509.8851
33 30 7054.80077
34 30 -285713.512
35 30 -148092.162
36 30 -228230.107
37 30 131803.834
38 30 -7070.46055
39 30 7530.83426
40 30 1736.78868
41 30 -15363.7822
42 30 -12242.8532
43 30 164098.684
44 30 -10007.3384
45 30 6614.11451
46 30 -25.9090133
47 30 -19320.6011
48 30 -14798.4622
49 30 143847.337
50 30 -27634.9687
51 30 3453.41685
52 30 -3002.56054
53 30 -17819.1584
54 30 -12663.7534
55 30 146770.541
56 30 -35109.4099
57 30 2973.49034
58 30 -3942.03972
59 30 -17426.1063
60 30 -13191.6075
61 30 182321.957
62 30 -36709.1521
63 30 1592.74964
64 30 -4299.31693
65 30 -21491.0389
66 30 -15433.9812
1 31 -937364.26
2 31 210666.691
3 31 180369.267
4 31 32877.6435
5 31 98632.134
6 31 40550.7408
7 31 -2762485.81
8 31 23210.1337
9 31 239815.749
10 31 11065.8293
11 31 294474.14
12 31 109839.783
13 31 -3204025.33
14 31 341895.141
15 31 -92875.4639
16 31 32946.0073
17 31 421381.79
18 31 167639.389
19 31 -3358572.55
20 31 416570.588
21 31 -148219.235
22 31 48187.5243
23 31 480350.736
24 31 195022.053
25 31 -3328440.72
26 31 467534.428
27 31 -192419.92
28 31 53712.6304
29 31 490911.367
30 31 193783.707
31 31 32591566.4
32 31 -2145006.47
33 31 1502807.22
34 31 -127952.704
35 31 -4130709.98
36 31 -1707470.74
37 31 -3552593.01
38 31 138178.894
39 31 -155230.437
40 31 -2201.47879
41 31 466374.252
42 31 186937.552
43 31 -3650165.54
44 31 156788.119
45 31 -181510.665
46 31 -9539.02618
47 31 479610.461
48 31 199520.057
49 31 -3210122.48
50 31 114321.789
51 31 -123667.573
52 31 -7198.06874
53 31 419567.348
54 31 179107.232
55 31 -3560399.47
56 31 114950.306
57 31 -123057.944
58 31 -1427.19699
59 31 444601.274
60 31 206145.426
61 31 -4058056.01
62 31 128397.819
63 31 -161790.53
64 31 -557.241558
65 31 496951.047
66 31 235505.335
1 32 -163202.695
2 32 -1301898.04
3 32 -434976.115
4 32 -156845.809
5 32 13106.232
6 32 19255.9021
7 32 -45145.0597
8 32 -2444108.97
9 32 -766382.977
10 32 -376895.245
11 32 1993.11285
12 32 19167.2118
13 32 341022.369
14 32 -2957552.98
15 32 -852312.455
16 32 -419649.546
17 32 -34158.8686
18 32 -28776.2331
19 32 372782.302
20 32 -3265108.61
21 32 -894786.895
22 32 -530802.95
23 32 -39394.3626
24 32 -79711.8863
25 32 410238.717
26 32 -3259613.61
27 32 -874176.625
28 32 -538792.271
29 32 -40754.2094
30 32 -95509.8851
31 32 -2145006.47
32 32 28057196.1
33 32 8745528.43
34 32 3989193.42
35 32 102882.502
36 32 448021.108
37 32 205462.989
38 32 -2987032.41
39 32 -963736.932
40 32 -426349.438
41 32 -7354.20288
42 32 -17780.7701
43 32 230716.304
44 32 -2917167.55
45 32 -964747.248
46 32 -409552.176
47 32 819.468909
48 32 -34426.1297
49 32 130100.791
50 32 -2498025.73
51 32 -818742.63
52 32 -344111.982
53 32 7747.78996
54 32 -29858.785
55 32 143303.951
56 32 -2709902.31
57 32 -933941.227
58 32 -365138.497
59 32 211.638027
60 32 -33107.6994
61 32 198383.586
62 32 -2938615.71
63 32 -1073778.88
64 32 -396320.011
65 32 -5142.88479
66 32 -41196.4662
1 33 -373101.471
2 33 -533918.683
3 33 -242022.037
4 33 -68237.6382
5 33 33561.25
6 33 21875.9718
7 33 -160230.294
8 33 -781112.833
9 33 -451373.975
10 33 -117767.017
11 33 -14146.4571
12 33 2616.24793
13 33 -275299.049
14 33 -887539.247
15 33 -645934.093
16 33 -129721.689
17 33 30377.8901
18 33 9596.26756
19 33 -299083.298
20 33 -920002.12
21 33 -735525.786
22 33 -147269.923
23 33 53032.0985
24 33 7299.64032
25 33 -323791.24
26 33 -896844.711
27 33 -722056.288
28 33 -142841.899
29 33 62229.4865
30 33 7054.80077
31 33 1502807.22
32 33 8745528.43
33 33 6189357.39
34 33 1274533.85
35 33 -165456.239
36 33 25070.2021
37 33 33982.1175
38 33 -919939.64
39 33 -635330.52
40 33 -131953.202
41 33 -15868.6134
42 33 -8201.11984
43 33 -45369.4399
44 33 -944003.546
45 33 -658581.272
46 33 -134969.844
47 33 -3813.4098
48 33 -7195.82841
49 33 -24683.2907
50 33 -752926.595
51 33 -540404.855
52 33 -110476.772
53 33 -3052.19849
54 33 -6968.83029
55 33 -54275.1384
56 33 -841044.889
57 33 -608374.952
58 33 -126565.824
59 33 4796.20605
60 33 -5585.48839
61 33 -118670.729
62 33 -986224.991
63 33 -688760.142
64 33 -147388.904
65 33 13425.5998
66 33 -4824.27769
1 34 -35188.6861
2 34 -161123.85
3 34 -57131.0312
4 34 -21030.5216
5 34 3101.62635
6 34 3181.48277
7 34 363.781003
8 34 -455899.28
9 34 -139944.713
10 34 -328496.407
11 34 3062.45006
12 34 -109292.849
13 34 23378.7186
14 34 -426893.199
15 34 -127801.739
16 34 -75103.7877
17 34 -2754.71557
18 34 2426.32112
19 34 41318.5399
20 34 -591569.399
21 34 -162371.781
22 34 -565101.3
23 34 -6131.75879
24 34 -260687.874
25 34 43343.1777
26 34 -598338.769
27 34 -159098.808
28 34 -605861.994
29 34 -4339.30027
30 34 -285713.512
31 34 -127952.704
32 34 3989193.42
33 34 1274533.85
34 34 1847785.58
35 34 -20597.8746
36 34 750783.626
37 34 16412.0117
38 34 -410495.508
39 34 -131683.65
40 34 -70785.6325
41 34 1772.15172
42 34 2408.53594
43 34 8853.53829
44 34 -391308.037
45 34 -129857.704
46 34 -64503.8076
47 34 7300.14217
48 34 -1212.65198
49 34 1887.12216
50 34 -324030.073
51 34 -110416.022
52 34 -50563.3706
53 34 5446.4359
54 34 -1675.74577
55 34 6392.85647
56 34 -342854.937
57 34 -129175.485
58 34 -49286.6298
59 34 1932.27864
60 34 -3239.4308
61 34 10657.3636
62 34 -370042.498
63 34 -147510.612
64 34 -52686.4014
65 34 1244.98959
66 34 -4216.92478
1 35 102307.76
2 35 -7362.99936
3 35 -13273.3178
4 35 -1450.71985
5 35 -11282.6813
6 35 -4156.52702
7 35 220836.52
8 35 39369.5544
9 35 -71385.9133
10 35 57895.9587
11 35 263807.88
12 35 120141.12
13 35 428435.143
14 35 -27661.1014
15 35 11959.6072
16 35 -2669.03756
17 35 -71229.5012
18 35 -18457.0428
19 35 520258.379
20 35 -48926.1746
21 35 51197.6577
22 35 -18202.7772
23 35 -394441.124
24 35 -121344.709
25 35 534553.772
26 35 -57996.0996
27 35 62867.6719
28 35 -34939.1236
29 35 -462216.992
30 35 -148092.162
31 35 -4130709.98
32 35 102882.502
33 35 -165456.239
34 35 -20597.8746
35 35 1010799.36
36 35 282174.441
37 35 450742.077
38 35 -5399.52988
39 35 1935.4463
40 35 3000.84138
41 35 -74721.1775
42 35 -19550.1999
43 35 456039.449
44 35 3277.86061
45 35 6042.69491
46 35 8501.81822
47 35 -76335.3945
48 35 -21789.4815
49 35 397270.173
50 35 3837.69087
51 35 3426.83261
52 35 5593.49079
53 35 -61948.2107
54 35 -20520.5956
55 35 423817.485
56 35 808.945729
57 35 9410.37337
58 35 2430.39457
59 35 -57348.4763
60 35 -23601.595
61 35 470822.669
62 35 1871.54975
63 35 15164.553
64 35 2404.33615
65 35 -61451.1499
66 35 -26570.9866
1 36 46958.5156
2 36 -51573.0067
3 36 -24663.1831
4 36 -7727.93265
5 36 -4826.59558
6 36 -3193.59472
7 36 105600.2
8 36 -59803.1559
9 36 -43155.7392
10 36 -148920.27
11 36 71355.0103
12 36 -45373.1299
13 36 178155.718
14 36 -48106.7169
15 36 -4323.11772
16 36 -1359.87431
17 36 -19459.9089
18 36 -19653.5285
19 36 214932.561
20 36 -135758.437
21 36 -11444.2879
22 36 -294824.599
23 36 -105959.631
24 36 -206350.213
25 36 212273.978
26 36 -150815.797
27 36 -10187.8352
28 36 -322944.464
29 36 -121728.702
30 36 -228230.107
31 36 -1707470.74
32 36 448021.108
33 36 25070.2021
34 36 750783.626
35 36 282174.441
36 36 629788.631
37 36 174393.895
38 36 -585.006117
39 36 6108.02368
40 36 4875.40964
41 36 -19182.2752
42 36 -16650.5019
43 36 186474.543
44 36 -20267.455
45 36 3041.51434
46 36 607.717022
47 36 -21758.6915
48 36 -16795.3523
49 36 158199.398
50 36 -18746.379
51 36 368.500502
52 36 -611.126564
53 36 -19090.1313
54 36 -14453.6059
55 36 179780.704
56 36 -23197.8351
57 36 -725.47422
58 36 -2137.71547
59 36 -21287.2611
60 36 -15842.8497
61 36 206824.493
62 36 -31583.4076
63 36 -2534.47895
64 36 -3421.41896
65 36 -24374.4398
66 36 -17178.3242
1 37 -1078982.7
2 37 294459.962
3 37 185824.355
4 37 34636.6971
5 37 99530.44
6 37 34123.8569
7 37 -2611028.03
8 37 52600.6117
9 37 249597.539
10 37 11213.0751
11 37 301127.712
12 37 117356.691
13 37 -2831428.54
14 37 174619.829
15 37 59743.6217
16 37 15717.133
17 37 341834.431
18 37 129277.757
19 37 -2711882.89
20 37 143543.213
21 37 88395.1123
22 37 15515.6126
23 37 323578.609
24 37 134860.547
25 37 -2670493.78
26 37 179547.206
27 37 53526.7566
28 37 12441.8196
29 37 334262.278
30 37 131803.834
31 37 -3552593.01
32 37 205462.989
33 37 33982.1175
34 37 16412.0117
35 37 450742.077
36 37 174393.895
37 37 41303683.6
38 37 -1417892.42
39 37 768977.555
40 37 93659.5565
41 37 -5516127.05
42 37 -2190442.05
43 37 -6450125.57
44 37 428184.664
45 37 8930.27725
46 37 33383.209
47 37 1006007.52
48 37 288271.996
49 37 -6115126.26
50 37 -1942.98793
51 37 308947.536
52 37 -96457.9892
53 37 917647.487
54 37 362034.34
55 37 -6727793.55
56 37 -73394.0112
57 37 391138.45
58 37 -18678.2739
59 37 891441.375
60 37 395775.23
61 37 -6479488.01
62 37 -46871.658
63 37 280666.258
64 37 -7773.912
65 37 835056.308
66 37 373423.242
1 38 87931.0849
2 38 -1291915.42
3 38 -492132.474
4 38 -133715.732
5 38 -12795.6597
6 38 7379.97361
7 38 -50074.3168
8 38 -2024304.67
9 38 -649801.682
10 38 -252831.304
11 38 6513.68179
12 38 17454.0538
13 38 124072.431
14 38 -2282114.54
15 38 -700274.273
16 38 -299620.235
17 38 -5881.41753
18 38 -6372.04095
19 38 52597.7561
20 38 -2195089.08
21 38 -702613.151
22 38 -282824.821
23 38 -714.444202
24 38 1877.53146
25 38 81730.9614
26 38 -2171279.73
27 38 -681122.826
28 38 -290303.718
29 38 3330.80545
30 38 -7070.46055
31 38 138178.894
32 38 -2987032.41
33 38 -919939.64
34 38 -410495.508
35 38 -5399.52988
36 38 -585.006117
37 38 -1417892.42
38 38 36763913.5
39 38 10885867
40 38 5074190.32
41 38 -105174.625
42 38 -31099.6766
43 38 455103.434
44 38 -6195892.89
45 38 -1639828.78
46 38 -1018583.7
47 38 -35363.9809
48 38 109334.399
49 38 -21672.5615
50 38 -5673293.28
51 38 -1506444.44
52 38 -769190.485
53 38 108026.93
54 38 42252.6012
55 38 -94222.9569
56 38 -6157922.87
57 38 -1763962.19
58 38 -824328.133
59 38 27498.2261
60 38 95562.6094
61 38 2744.60814
62 38 -5746623.25
63 38 -1703725.98
64 38 -766956.835
65 38 7123.93803
66 38 62845.7017
1 39 -403281.773
2 39 -485188.757
3 39 -236401.581
4 39 -54095.6219
5 39 28052.2341
6 39 17145.3203
7 39 -269352.174
8 39 -699377.628
9 39 -376858.051
10 39 -89948.4022
11 39 22388.9942
12 39 17051.2563
13 39 -252204.308
14 39 -764485.411
15 39 -466367.18
16 39 -100721.203
17 39 20054.8971
18 39 9663.30626
19 39 -180519.815
20 39 -764501.278
21 39 -486107.637
22 39 -104614.338
23 39 12252.8423
24 39 8739.92845
25 39 -193011.275
26 39 -733268.149
27 39 -470040.248
28 39 -98869.7451
29 39 12627.3716
30 39 7530.83426
31 39 -155230.437
32 39 -963736.932
33 39 -635330.52
34 39 -131683.65
35 39 1935.4463
36 39 6108.02368
37 39 768977.555
38 39 10885867
39 39 8599561.44
40 39 1516183.85
41 39 195288.757
42 39 11515.0684
43 39 -106877.187
44 39 -1694107.17
45 39 -1381376.61
46 39 -219151.724
47 39 -82881.6975
48 39 6402.91553
49 39 153189.37
50 39 -1471601.59
51 39 -1355129.92
52 39 -193015.688
53 39 -111519.574
54 39 -3898.76527
55 39 134799.041
56 39 -1678963.81
57 39 -1488783.23
58 39 -255237.275
59 39 -68891.1958
60 39 4344.49332
61 39 -23866.503
62 39 -1662749.22
63 39 -1376567.43
64 39 -252290.053
65 39 -33497.8005
66 39 8516.882
1 40 -6596.43541
2 40 -134974.676
3 40 -55230.3692
4 40 -15338.6861
5 40 -321.611224
6 40 1875.90555
7 40 -25916.2231
8 40 -269460.358
9 40 -89289.5954
10 40 -35837.8049
11 40 4254.15819
12 40 3752.15997
13 40 -6231.83392
14 40 -315813.824
15 40 -98606.2009
16 40 -47377.208
17 40 3296.86536
18 40 2113.2931
19 40 -9158.74533
20 40 -297052.572
21 40 -102192.396
22 40 -41764.8547
23 40 1922.75836
24 40 2469.59361
25 40 -13520.1546
26 40 -304783.999
27 40 -97638.9822
28 40 -47022.02
29 40 5894.19101
30 40 1736.78868
31 40 -2201.47879
32 40 -426349.438
33 40 -131953.202
34 40 -70785.6325
35 40 3000.84138
36 40 4875.40964
37 40 93659.5565
38 40 5074190.32
39 40 1516183.85
40 40 932455.721
41 40 -129668.105
42 40 -87361.4217
43 40 36746.8633
44 40 -1011460.29
45 40 -203029.441
46 40 -318763.92
47 40 3464.90267
48 40 94721.7888
49 40 -95069.7628
50 40 -749085.938
51 40 -179902.381
52 40 -117670.826
53 40 98512.9075
54 40 -9225.39986
55 40 -33037.821
56 40 -809250.251
57 40 -257369.643
58 40 -120489.781
59 40 7251.66165
60 40 17645.5297
61 40 -16661.8357
62 40 -750021.333
63 40 -249268.938
64 40 -110042.81
65 40 1379.25113
66 40 12466.6299
1 41 107494.034
2 41 -11600.1107
3 41 -14726.0706
4 41 -1856.43341
5 41 -10736.0256
6 41 -3515.78271
7 41 317955.128
8 41 9475.23725
9 41 -29370.7286
10 41 2048.71571
11 41 -40736.6815
12 41 -13942.2742
13 41 358145.48
14 41 -1505.55987
15 41 -10119.3714
16 41 2373.90571
17 41 -52188.3038
18 41 -14640.6728
19 41 335842.784
20 41 -3890.99146
21 41 -14148.0786
22 41 187.138491
23 41 -44837.6851
24 41 -15233.2556
25 41 349705.281
26 41 -63.2760897
27 41 -11373.6719
28 41 3999.97967
29 41 -54420.9792
30 41 -15363.7822
31 41 466374.252
32 41 -7354.20288
33 41 -15868.6134
34 41 1772.15172
35 41 -74721.1775
36 41 -19182.2752
37 41 -5516127.05
38 41 -105174.625
39 41 195288.757
40 41 -129668.105
41 41 1090422.25
42 41 234382.967
43 41 984027.611
44 41 -36800.2475
45 41 -106920.102
46 41 2515.34379
47 41 -319353.518
48 41 2337.66149
49 41 881008.675
50 41 100175.273
51 41 -149083.497
52 41 97503.3325
53 41 -239331.529
54 41 -62797.6608
55 41 870864.623
56 41 33517.4915
57 41 -99001.2809
58 41 6895.99736
59 41 -135686.636
60 41 -46452.5258
61 41 810667.177
62 41 24028.7538
63 41 -66866.9819
64 41 2113.32259
65 41 -116264.173
66 41 -42284.0713
1 42 45930.2872
2 42 -53299.6595
3 42 -24218.6802
4 42 -5955.25682
5 42 -4560.17159
6 42 -1837.85279
7 42 131051.663
8 42 -28259.7314
9 42 -20724.494
10 42 -3890.08188
11 42 -14452.719
12 42 -8327.35004
13 42 146733.357
14 42 -35754.1003
15 42 -12980.0445
16 42 -2744.13374
17 42 -15719.0433
18 42 -11304.5932
19 42 150941.941
20 42 -23277.2713
21 42 -11711.9735
22 42 -1681.91123
23 42 -16513.51
24 42 -11483.641
25 42 146795.141
26 42 -31921.3135
27 42 -10967.9735
28 42 -2316.56478
29 42 -16190.2551
30 42 -12242.8532
31 42 186937.552
32 42 -17780.7701
33 42 -8201.11984
34 42 2408.53594
35 42 -19550.1999
36 42 -16650.5019
37 42 -2190442.05
38 42 -31099.6766
39 42 11515.0684
40 42 -87361.4217
41 42 234382.967
42 42 236734.018
43 42 301728.329
44 42 77707.9132
45 42 -4229.9476
46 42 74383.9591
47 42 -9460.9548
48 42 -70158.9538
49 42 337928.503
50 42 37242.7949
51 42 -11985.4344
52 42 -2226.22773
53 42 -52652.9269
54 42 -24851.5177
55 42 373087.053
56 42 68677.6704
57 42 -13166.1859
58 42 12027.9402
59 42 -43934.7546
60 42 -40886.5992
61 42 354969.681
62 42 34139.7183
63 42 -14869.7693
64 42 6300.02548
65 42 -41195.2462
66 42 -36693.3999
1 43 -1158456.62
2 43 296301.262
3 43 170285.451
4 43 34343.8738
5 43 106837.473
6 43 36650.2714
7 43 -2593342.95
8 43 18264.1298
9 43 214134.031
10 43 3312.51894
11 43 297278.256
12 43 124340.041
13 43 -3139267.09
14 43 165289.663
15 43 49554.5992
16 43 12944.7359
17 43 369560.483
18 43 152484.001
19 43 -2955660.95
20 43 73692.9673
21 43 120191.995
22 43 3292.65522
23 43 358564.043
24 43 153737.627
25 43 -3113897.51
26 43 171819.708
27 43 51246.8231
28 43 16396.1617
29 43 371593.444
30 43 164098.684
31 43 -3650165.54
32 43 230716.304
33 43 -45369.4399
34 43 8853.53829
35 43 456039.449
36 43 186474.543
37 43 -6450125.57
38 43 455103.434
39 43 -106877.187
40 43 36746.8633
41 43 984027.611
42 43 301728.329
43 43 45242034.4
44 43 -943516.387
45 43 -31279.911
46 43 28347.565
47 43 -6179511.5
48 43 -2408448.09
49 43 -7178969.14
50 43 199198.791
51 43 244646.087
52 43 24398.1175
53 43 1082286.68
54 43 357386.055
55 43 -6856789.47
56 43 2318.07179
57 43 353622.458
58 43 -19715.9031
59 43 965433.404
60 43 396427.25
61 43 -8566211.47
62 43 -566391.231
63 43 803491.589
64 43 -41027.0941
65 43 1158191.03
66 43 526203.91
1 44 192556.849
2 44 -1329496.17
3 44 -515988.435
4 44 -139071.043
5 44 -23167.3854
6 44 -419.181205
7 44 -81963.0687
8 44 -1901398.66
9 44 -639272.242
10 44 -232795.699
11 44 15078.8898
12 44 10050.1003
13 44 100453.467
14 44 -2379328.55
15 44 -791708.809
16 44 -307054.191
17 44 -793.266078
18 44 -12843.4059
19 44 -26550.3845
20 44 -2263914.74
21 44 -738059.621
22 44 -291128.407
23 44 14138.0598
24 44 6256.29125
25 44 50015.0409
26 44 -2412436.37
27 44 -808134.018
28 44 -313556.924
29 44 3380.28182
30 44 -10007.3384
31 44 156788.119
32 44 -2917167.55
33 44 -944003.546
34 44 -391308.037
35 44 3277.86061
36 44 -20267.455
37 44 428184.664
38 44 -6195892.89
39 44 -1694107.17
40 44 -1011460.29
41 44 -36800.2475
42 44 77707.9132
43 44 -943516.387
44 44 41386432.9
45 44 11922641.6
46 44 5916717.38
47 44 -38367.2308
48 44 -385812.34
49 44 132695.514
50 44 -7015356.32
51 44 -1904939.37
52 44 -1110771.15
53 44 -10786.684
54 44 179831.658
55 44 -67628.568
56 44 -6810729.64
57 44 -1845569.64
58 44 -951615.499
59 44 29533.0108
60 44 131786.662
61 44 -562210.884
62 44 -8387091.11
63 44 -2349203.4
64 44 -1148633.78
65 44 44450.4167
66 44 239823.918
1 45 -385762.266
2 45 -482649.049
3 45 -242303.474
4 45 -54481.9484
5 45 26667.3271
6 45 14042.4385
7 45 -258336.117
8 45 -679294.035
9 45 -386571.296
10 45 -87465.7208
11 45 21059.1266
12 45 14981.4659
13 45 -250490.444
14 45 -850240.825
15 45 -525841.171
16 45 -113437.298
17 45 22118.8233
18 45 8957.38866
19 45 -116918.295
20 45 -789559.024
21 45 -542337.817
22 45 -107027.369
23 45 -910.772212
24 45 5818.76131
25 45 -193626.203
26 45 -859578.795
27 45 -571307.181
28 45 -119609.565
29 45 16108.7022
30 45 6614.11451
31 45 -181510.665
32 45 -964747.248
33 45 -658581.272
34 45 -129857.704
35 45 6042.69491
36 45 3041.51434
37 45 8930.27725
38 45 -1639828.78
39 45 -1381376.61
40 45 -203029.441
41 45 -106920.102
42 45 -4229.9476
43 45 -31279.911
44 45 11922641.6
45 45 9777959.2
46 45 1692300.79
47 45 392440.511
48 45 10019.6658
49 45 207671.194
50 45 -1795146.73
51 45 -1620349.63
52 45 -252826.314
53 45 -128359.333
54 45 -621.175648
55 45 199513.358
56 45 -1702799.24
57 45 -1610248.44
58 45 -254771.452
59 45 -103105.104
60 45 1822.69354
61 45 515400.667
62 45 -2242663.61
63 45 -2053116.4
64 45 -356334.438
65 45 -141675
66 45 8201.62559
1 46 6328.26059
2 46 -139671.653
3 46 -58622.7998
4 46 -16146.1425
5 46 -1563.04761
6 46 840.878675
7 46 -33734.8118
8 46 -249358.349
9 46 -88226.1083
10 46 -31620.6155
11 46 7221.11242
12 46 1909.23052
13 46 -10993.3035
14 46 -326158.77
15 46 -113736.737
16 46 -45713.1463
17 46 4356.98953
18 46 8.79333059
19 46 -22772.3818
20 46 -308851.052
21 46 -107675.489
22 46 -44082.8616
23 46 6900.93254
24 46 2601.72183
25 46 -11940.5724
26 46 -331628.873
27 46 -120653.475
28 46 -46914.7968
29 46 4025.34665
30 46 -25.9090133
31 46 -9539.02618
32 46 -409552.176
33 46 -134969.844
34 46 -64503.8076
35 46 8501.81822
36 46 607.717022
37 46 33383.209
38 46 -1018583.7
39 46 -219151.724
40 46 -318763.92
41 46 2515.34379
42 46 74383.9591
43 46 28347.565
44 46 5916717.38
45 46 1692300.79
46 46 1183313.28
47 46 -47605.8318
48 46 -211867.126
49 46 14864.0743
50 46 -1099921.91
51 46 -256649.184
52 46 -284121.159
53 46 -1092.47389
54 46 95264.152
55 46 -33889.2223
56 46 -939457.811
57 46 -265199.698
58 46 -157143.894
59 46 15960.8383
60 46 28606.6398
61 46 -57329.4411
62 46 -1135205.63
63 46 -362063.585
64 46 -170908.665
65 46 821.693
66 46 35836.667
1 47 116878.64
2 47 -10668.8401
3 47 -12910.6593
4 47 -1674.37227
5 47 -11696.8329
6 47 -3852.07235
7 47 318768.572
8 47 18149.1705
9 47 -25051.8109
10 47 4876.61378
11 47 -40811.4092
12 47 -15576.8394
13 47 391046.259
14 47 1937.69772
15 47 -5866.51519
16 47 3131.5784
17 47 -52575.8407
18 47 -17878.2055
19 47 378027.043
20 47 10726.7644
21 47 -23034.6269
22 47 5121.43297
23 47 -54775.9152
24 47 -18068.2114
25 47 391643.99
26 47 -3867.58856
27 47 -6765.76497
28 47 1716.34469
29 47 -53203.8265
30 47 -19320.6011
31 47 479610.461
32 47 819.468909
33 47 -3813.4098
34 47 7300.14217
35 47 -76335.3945
36 47 -21758.6915
37 47 1006007.52
38 47 -35363.9809
39 47 -82881.6975
40 47 3464.90267
41 47 -319353.518
42 47 -9460.9548
43 47 -6179511.5
44 47 -38367.2308
45 47 392440.511
46 47 -47605.8318
47 47 1246364.86
48 47 218173.332
49 47 1068331.2
50 47 -27671.6422
51 47 -141063.855
52 47 -6683.52678
53 47 -279471.098
54 47 -10499.8583
55 47 953090.338
56 47 27092.4002
57 47 -124942.701
58 47 15503.499
59 47 -181525.906
60 47 -47261.0512
61 47 1137440.15
62 47 57427.0524
63 47 -173751.312
64 47 690.074248
65 47 -173001.589
66 47 -60944.4904
1 48 50885.1252
2 48 -57946.4285
3 48 -24636.1262
4 48 -6534.31298
5 48 -5079.52172
6 48 -2038.8649
7 48 138645.464
8 48 -31679.5999
9 48 -20540.4759
10 48 -5205.98632
11 48 -15901.2935
12 48 -8578.80445
13 48 172813.339
14 48 -41689.8972
15 48 -13597.0059
16 48 -4702.11146
17 48 -19079.9043
18 48 -12761.4366
19 48 170747.194
20 48 -16012.1272
21 48 -12631.3184
22 48 -1100.02883
23 48 -18948.7042
24 48 -13086.2965
25 48 182948.259
26 48 -35335.0368
27 48 -12239.7447
28 48 -4029.20183
29 48 -20437.2266
30 48 -14798.4622
31 48 199520.057
32 48 -34426.1297
33 48 -7195.82841
34 48 -1212.65198
35 48 -21789.4815
36 48 -16795.3523
37 48 288271.996
38 48 109334.399
39 48 6402.91553
40 48 94721.7888
41 48 2337.66149
42 48 -70158.9538
43 48 -2408448.09
44 48 -385812.34
45 48 10019.6658
46 48 -211867.126
47 48 218173.332
48 48 341881.488
49 48 348448.11
50 48 158963.204
51 48 15.054135
52 48 79187.5867
53 48 -16368.5874
54 48 -87516.7386
55 48 373090.847
56 48 110510.805
57 48 -4583.03992
58 48 23243.057
59 48 -42834.0254
60 48 -49854.1173
61 48 499730.827
62 48 204493.091
63 48 -11378.8186
64 48 28580.0958
65 48 -58156.2337
66 48 -61038.4385
1 49 -976325.375
2 49 218445.867
3 49 130989.13
4 49 25536.2486
5 49 91874.6867
6 49 29481.98
7 49 -2225332.81
8 49 2841.77093
9 49 159423.989
10 49 1551.70346
11 49 251897.761
12 49 102380.673
13 49 -2996383.9
14 49 94150.0038
15 49 23014.8991
16 49 -1717.05436
17 49 350536.472
18 49 142726.911
19 49 -2181052.48
20 49 102664.747
21 49 7109.0844
22 49 4237.88226
23 49 254852.367
24 49 107105.605
25 49 -2815216.56
26 49 173948.012
27 49 -27880.6577
28 49 9243.64191
29 49 333905.392
30 49 143847.337
31 49 -3210122.48
32 49 130100.791
33 49 -24683.2907
34 49 1887.12216
35 49 397270.173
36 49 158199.398
37 49 -6115126.26
38 49 -21672.5615
39 49 153189.37
40 49 -95069.7628
41 49 881008.675
42 49 337928.503
43 49 -7178969.14
44 49 132695.514
45 49 207671.194
46 49 14864.0743
47 49 1068331.2
48 49 348448.11
49 49 41991314.5
50 49 -1070699.97
51 49 24345.5414
52 49 64682.9235
53 49 -5709598.85
54 49 -2315407.43
55 49 -7845495.8
56 49 86232.7782
57 49 401520.901
58 49 22829.6692
59 49 1108613.01
60 49 413886.147
61 49 -7446893.39
62 49 -34725.1985
63 49 359712.886
64 49 800.59021
65 49 985273.366
66 49 423639.794
1 50 281370.556
2 50 -1039215.96
3 50 -396186.955
4 50 -107680.043
5 50 -32501.9849
6 50 -5916.55169
7 50 -29998.8859
8 50 -1566325.1
9 50 -493515.824
10 50 -186853.959
11 50 8276.21605
12 50 2547.40304
13 50 92979.828
14 50 -2145421.67
15 50 -683168.579
16 50 -262683.602
17 50 6904.70444
18 50 -21477.6528
19 50 67986.7891
20 50 -1611740.38
21 50 -493465.479
22 50 -194607.503
23 50 4573.9073
24 50 -14905.6011
25 50 123801.411
26 50 -2077389.1
27 50 -659628.473
28 50 -259195.181
29 50 1924.03374
30 50 -27634.9687
31 50 114321.789
32 50 -2498025.73
33 50 -752926.595
34 50 -324030.073
35 50 3837.69087
36 50 -18746.379
37 50 -1942.98793
38 50 -5673293.28
39 50 -1471601.59
40 50 -749085.938
41 50 100175.273
42 50 37242.7949
43 50 199198.791
44 50 -7015356.32
45 50 -1795146.73
46 50 -1099921.91
47 50 -27671.6422
48 50 158963.204
49 50 -1070699.97
50 50 38637464.3
51 50 11049204.6
52 50 5433917.11
53 50 -75376.6664
54 50 -327957.97
55 50 37771.586
56 50 -8134486.7
57 50 -2103220.56
58 50 -1203502.54
59 50 -17952.3344
60 50 220834.143
61 50 -21661.8536
62 50 -7641599.57
63 50 -2072186.31
64 50 -1046134.85
65 50 -4148.56603
66 50 159645.116
1 51 -273699.99
2 51 -362558.695
3 51 -180382.142
4 51 -40622.5859
5 51 17863.8684
6 51 8558.83064
7 51 -232045.018
8 51 -551966.45
9 51 -311130.106
10 51 -70275.1802
11 51 20511.9808
12 51 11144.8019
13 51 -239150.162
14 51 -778732.345
15 51 -473882.23
16 51 -99677.8672
17 51 18539.7153
18 51 5957.89044
19 51 -162879.81
20 51 -555655.926
21 51 -380029.933
22 51 -73715.1175
23 51 11626.6337
24 51 2684.48333
25 51 -229523.516
26 51 -741302.853
27 51 -498153.022
28 51 -99945.1862
29 51 19610.2742
30 51 3453.41685
31 51 -123667.573
32 51 -818742.63
33 51 -540404.855
34 51 -110416.022
35 51 3426.83261
36 51 368.500502
37 51 308947.536
38 51 -1506444.44
39 51 -1355129.92
40 51 -179902.381
41 51 -149083.497
42 51 -11985.4344
43 51 244646.087
44 51 -1904939.37
45 51 -1620349.63
46 51 -256649.184
47 51 -141063.855
48 51 15.054135
49 51 24345.5414
50 51 11049204.6
51 51 9275390.59
52 51 1580010.97
53 51 392537.661
54 51 10693.7429
55 51 250856.643
56 51 -2078241.52
57 51 -1832689.72
58 51 -313207.888
59 51 -125418.111
60 51 11136.7877
61 51 125437.775
62 51 -2112271.07
63 51 -1750632.25
64 51 -324535.056
65 51 -75700.4043
66 51 16682.9251
1 52 21263.2177
2 52 -108367.666
3 52 -45760.8488
4 52 -12486.742
5 52 -3042.78218
6 52 -100.850981
7 52 -22585.9067
8 52 -202609.152
9 52 -68748.102
10 52 -25191.5487
11 52 4520.91228
12 52 828.686017
13 52 -18317.2215
14 52 -283816.859
15 52 -96873.2191
16 52 -36868.813
17 52 8956.71621
18 52 -2425.1641
19 52 -10027.536
20 52 -208360.825
21 52 -72070.3389
22 52 -26671.3264
23 52 4463.83814
24 52 -1064.40414
25 52 -9836.21423
26 52 -278632.286
27 52 -98453.0014
28 52 -37682.3519
29 52 6832.89873
30 52 -3002.56054
31 52 -7198.06874
32 52 -344111.982
33 52 -110476.772
34 52 -50563.3706
35 52 5593.49079
36 52 -611.126564
37 52 -96457.9892
38 52 -769190.485
39 52 -193015.688
40 52 -117670.826
41 52 97503.3325
42 52 -2226.22773
43 52 24398.1175
44 52 -1110771.15
45 52 -252826.314
46 52 -284121.159
47 52 -6683.52678
48 52 79187.5867
49 52 64682.9235
50 52 5433917.11
51 52 1580010.97
52 52 981264.329
53 52 -110960.014
54 52 -143827.098
55 52 6977.36669
56 52 -1204024.62
57 52 -314815.586
58 52 -232300.804
59 52 -9261.75077
60 52 64121.5178
61 52 -10742.1908
62 52 -1045858.55
63 52 -318096.285
64 52 -157796.503
65 52 -2883.98017
66 52 28125.1907
1 53 100522.19
2 53 -6932.07909
3 53 -10569.4568
4 53 -1176.08427
5 53 -10221.0772
6 53 -3180.01432
7 53 271862.815
8 53 16611.5695
9 53 -17287.5116
10 53 3416.42604
11 53 -33591.6799
12 53 -12695.5143
13 53 374718.6
14 53 19206.6163
15 53 -3685.62825
16 53 8933.73967
17 53 -52221.2022
18 53 -17854.8227
19 53 270552.776
20 53 7023.24863
21 53 -3195.88788
22 53 3760.79303
23 53 -35785.7533
24 53 -12834.7923
25 53 356051.966
26 53 4983.82332
27 53 3418.73528
28 53 5919.13916
29 53 -50183.6521
30 53 -17819.1584
31 53 419567.348
32 53 7747.78996
33 53 -3052.19849
34 53 5446.4359
35 53 -61948.2107
36 53 -19090.1313
37 53 917647.487
38 53 108026.93
39 53 -111519.574
40 53 98512.9075
41 53 -239331.529
42 53 -52652.9269
43 53 1082286.68
44 53 -10786.684
45 53 -128359.333
46 53 -1092.47389
47 53 -279471.098
48 53 -16368.5874
49 53 -5709598.85
50 53 -75376.6664
51 53 392537.661
52 53 -110960.014
53 53 1120350.14
54 53 250150.009
55 53 1105294.06
56 53 -22828.9877
57 53 -142909.569
58 53 -11994.8626
59 53 -211347.738
60 53 -36001.254
61 53 974077.032
62 53 2625.57098
63 53 -100854.627
64 53 -3348.98621
65 53 -145992.318
66 53 -47998.0713
1 54 46549.0251
2 54 -47007.8826
3 54 -18937.7285
4 54 -5247.64547
5 54 -4789.75431
6 54 -1755.60696
7 54 120432.857
8 54 -30317.2701
9 54 -17202.2008
10 54 -4620.14559
11 54 -13803.479
12 54 -7350.99725
13 54 171755.145
14 54 -48692.0294
15 54 -13141.9087
16 54 -7156.16763
17 54 -20544.0997
18 54 -11038.1088
19 54 126139.365
20 54 -32464.6672
21 54 -9462.3983
22 54 -3818.27149
23 54 -14464.1819
24 54 -8652.72101
25 54 170296.141
26 54 -51112.7347
27 54 -10951.8772
28 54 -6678.2011
29 54 -20185.5036
30 54 -12663.7534
31 54 179107.232
32 54 -29858.785
33 54 -6968.83029
34 54 -1675.74577
35 54 -20520.5956
36 54 -14453.6059
37 54 362034.34
38 54 42252.6012
39 54 -3898.76527
40 54 -9225.39986
41 54 -62797.6608
42 54 -24851.5177
43 54 357386.055
44 54 179831.658
45 54 -621.175648
46 54 95264.152
47 54 -10499.8583
48 54 -87516.7386
49 54 -2315407.43
50 54 -327957.97
51 54 10693.7429
52 54 -143827.098
53 54 250150.009
54 54 308744.289
55 54 412129.308
56 54 200875.571
57 54 -137.232205
58 54 58762.0157
59 54 -36627.4738
60 54 -75841.0465
61 54 423810.224
62 54 132715.636
63 54 -5089.91907
64 54 22310.834
65 54 -48872.5301
66 54 -53682.9349
1 55 -1085175.94
2 55 246466.339
3 55 168316.561
4 55 30230.5058
5 55 103342.024
6 55 33368.4108
7 55 -2831139.31
8 55 36198.177
9 55 171806.474
10 55 8615.42318
11 55 312771.12
12 55 128820.418
13 55 -2911488.57
14 55 119234.865
15 55 -5772.15684
16 55 8356.76004
17 55 335778.286
18 55 137320.587
19 55 -2622360.76
20 55 159115.144
21 55 -48616.1287
22 55 12902.9739
23 55 297699.495
24 55 125993.982
25 55 -2930385.25
26 55 228822.393
27 55 -84460.972
28 55 20077.7434
29 55 336488.507
30 55 146770.541
31 55 -3560399.47
32 55 143303.951
33 55 -54275.1384
34 55 6392.85647
35 55 423817.485
36 55 179780.704
37 55 -6727793.55
38 55 -94222.9569
39 55 134799.041
40 55 -33037.821
41 55 870864.623
42 55 373087.053
43 55 -6856789.47
44 55 -67628.568
45 55 199513.358
46 55 -33889.2223
47 55 953090.338
48 55 373090.847
49 55 -7845495.8
50 55 37771.586
51 55 250856.643
52 55 6977.36669
53 55 1105294.06
54 55 412129.308
55 55 45130240.9
56 55 -665129.182
57 55 -204943.586
58 55 17642.1571
59 55 -5863172.44
60 55 -2576476.23
61 55 -8918133.66
62 55 -305489.881
63 55 333630.946
64 55 -27200.4148
65 55 1149353.1
66 55 524166.451
1 56 354313.116
2 56 -1140868.72
3 56 -471266.659
4 56 -121203.017
5 56 -42294.9264
6 56 -7112.8404
7 56 -17263.46
8 56 -1961821.59
9 56 -641811.795
10 56 -233675.266
11 56 4718.23876
12 56 1239.17165
13 56 116661.293
14 56 -2127186.61
15 56 -644269.879
16 56 -259707.211
17 56 -2834.02909
18 56 -23497.8946
19 56 113425.759
20 56 -1944520.66
21 56 -591479.836
22 56 -233062.056
23 56 -2791.63424
24 56 -23077.3642
25 56 176129.6
26 56 -2177504.74
27 56 -686318.631
28 56 -269011.52
29 56 -9676.58066
30 56 -35109.4099
31 56 114950.306
32 56 -2709902.31
33 56 -841044.889
34 56 -342854.937
35 56 808.945729
36 56 -23197.8351
37 56 -73394.0112
38 56 -6157922.87
39 56 -1678963.81
40 56 -809250.251
41 56 33517.4915
42 56 68677.6704
43 56 2318.07179
44 56 -6810729.64
45 56 -1702799.24
46 56 -939457.811
47 56 27092.4002
48 56 110510.805
49 56 86232.7782
50 56 -8134486.7
51 56 -2078241.52
52 56 -1204024.62
53 56 -22828.9877
54 56 200875.571
55 56 -665129.182
56 56 41072035.2
57 56 12152251.2
58 56 5605624.3
59 56 -27428.5837
60 56 -379164.541
61 56 -228079.481
62 56 -8845772.25
63 56 -2533411.79
64 56 -1202853.47
65 56 10339.1096
66 56 193139.897
1 57 -239370.928
2 57 -426899.748
3 57 -230854.424
4 57 -49263.2547
5 57 12284.5834
6 57 8351.92975
7 57 -294689.884
8 57 -726220.991
9 57 -395626.553
10 57 -92589.59
11 57 28023.7961
12 57 13592.1724
13 57 -226102.698
14 57 -750939.103
15 57 -464959.222
16 57 -100080.938
17 57 23360.8209
18 57 4128.91421
19 57 -224460.044
20 57 -679684.735
21 57 -442452.928
22 57 -91404.2946
23 57 22338.0542
24 57 2761.75442
25 57 -261666.562
26 57 -785443.883
27 57 -502931.498
28 57 -108547.52
29 57 31303.6533
30 57 2973.49034
31 57 -123057.944
32 57 -933941.227
33 57 -608374.952
34 57 -129175.485
35 57 9410.37337
36 57 -725.47422
37 57 391138.45
38 57 -1763962.19
39 57 -1488783.23
40 57 -257369.643
41 57 -99001.2809
42 57 -13166.1859
43 57 353622.458
44 57 -1845569.64
45 57 -1610248.44
46 57 -265199.698
47 57 -124942.701
48 57 -4583.03992
49 57 401520.901
50 57 -2103220.56
51 57 -1832689.72
52 57 -314815.586
53 57 -142909.569
54 57 -137.232205
55 57 -204943.586
56 57 12152251.2
57 57 10043321.7
58 57 1817410.88
59 57 326318.884
60 57 9786.42664
61 57 227410.712
62 57 -2607845.98
63 57 -2097222.85
64 57 -398301.114
65 57 -94970.9857
66 57 15202.8811
1 58 31464.948
2 58 -123144.316
3 58 -56917.0886
4 58 -14538.9285
5 58 -4474.53588
6 58 -251.729586
7 58 -21065.0362
8 58 -254403.558
9 58 -90256.7314
10 58 -31668.9826
11 58 3035.19412
12 58 933.412062
13 58 -4066.04489
14 58 -280809.739
15 58 -95413.386
16 58 -36495.9522
17 58 2325.08461
18 58 -2396.24678
19 58 -2019.55095
20 58 -250471.163
21 58 -87990.403
22 58 -31691.3184
23 58 1603.41679
24 58 -1902.44517
25 58 4150.56828
26 58 -289865.794
27 58 -105054.257
28 58 -37956.0885
29 58 1160.27127
30 58 -3942.03972
31 58 -1427.19699
32 58 -365138.497
33 58 -126565.824
34 58 -49286.6298
35 58 2430.39457
36 58 -2137.71547
37 58 -18678.2739
38 58 -824328.133
39 58 -255237.275
40 58 -120489.781
41 58 6895.99736
42 58 12027.9402
43 58 -19715.9031
44 58 -951615.499
45 58 -254771.452
46 58 -157143.894
47 58 15503.499
48 58 23243.057
49 58 22829.6692
50 58 -1203502.54
51 58 -313207.888
52 58 -232300.804
53 58 -11994.8626
54 58 58762.0157
55 58 17642.1571
56 58 5605624.3
57 58 1817410.88
58 58 889118.882
59 58 -17536.3627
60 58 -109124.367
61 58 -23470.3499
62 58 -1202967.34
63 58 -388622.657
64 58 -179588.591
65 58 -3122.17408
66 58 31379.9234
1 59 111287.969
2 59 -9361.02953
3 59 -14787.751
4 59 -1629.25251
5 59 -11450.4514
6 59 -3565.47665
7 59 336556.23
8 59 11580.4091
9 59 -16493.6067
10 59 1464.21214
11 59 -39262.0958
12 59 -15244.5313
13 59 356638.356
14 59 4822.90709
15 59 3878.10402
16 59 2066.92731
17 59 -44518.1597
18 59 -16285.1911
19 59 314793.19
20 59 -2874.88711
21 59 6899.06819
22 59 628.242936
23 59 -37839.5669
24 59 -14527.7076
25 59 356369.791
26 59 -9985.93025
27 59 16397.2285
28 59 145.439062
29 59 -43592.8722
30 59 -17426.1063
31 59 444601.274
32 59 211.638027
33 59 4796.20605
34 59 1932.27864
35 59 -57348.4763
36 59 -21287.2611
37 59 891441.375
38 59 27498.2261
39 59 -68891.1958
40 59 7251.66165
41 59 -135686.636
42 59 -43934.7546
43 59 965433.404
44 59 29533.0108
45 59 -103105.104
46 59 15960.8383
47 59 -181525.906
48 59 -42834.0254
49 59 1108613.01
50 59 -17952.3344
51 59 -125418.111
52 59 -9261.75077
53 59 -211347.738
54 59 -36627.4738
55 59 -5863172.44
56 59 -27428.5837
57 59 326318.884
58 59 -17536.3627
59 59 925516.756
60 59 286698.359
61 59 1138720.38
62 59 22206.2811
63 59 -105685.28
64 59 -2052.81988
65 59 -164945.827
66 59 -58345.7238
1 60 53050.6869
2 60 -49610.8482
3 60 -21422.3531
4 60 -5674.76026
5 60 -5502.81158
6 60 -2050.09072
7 60 153762.862
8 60 -36733.7476
9 60 -20288.1757
10 60 -5118.40964
11 60 -16979.5163
12 60 -9345.2839
13 60 166752.522
14 60 -46046.2915
15 60 -11343.7177
16 60 -5668.9107
17 60 -18944.8207
18 60 -11867.3938
19 60 150179.739
20 60 -41661.2822
21 60 -9036.89221
22 60 -4452.14722
23 60 -16616.621
24 60 -10403.2223
25 60 175451.857
26 60 -56554.6882
27 60 -8591.04197
28 60 -6830.94032
29 60 -20001.4847
30 60 -13191.6075
31 60 206145.426
32 60 -33107.6994
33 60 -5585.48839
34 60 -3239.4308
35 60 -23601.595
36 60 -15842.8497
37 60 395775.23
38 60 95562.6094
39 60 4344.49332
40 60 17645.5297
41 60 -46452.5258
42 60 -40886.5992
43 60 396427.25
44 60 131786.662
45 60 1822.69354
46 60 28606.6398
47 60 -47261.0512
48 60 -49854.1173
49 60 413886.147
50 60 220834.143
51 60 11136.7877
52 60 64121.5178
53 60 -36001.254
54 60 -75841.0465
55 60 -2576476.23
56 60 -379164.541
57 60 9786.42664
58 60 -109124.367
59 60 286698.359
60 60 307757.703
61 60 527439.799
62 60 182156.019
63 60 2927.58479
64 60 28743.1887
65 60 -59764.1756
66 60 -62572.7956
1 61 -1109316.09
2 61 243267.556
3 61 193612.441
4 61 31504.8163
5 61 107770.953
6 61 34571.7316
7 61 -3237043.46
8 61 62133.6573
9 61 176609.456
10 61 10534.9956
11 61 353107.956
12 61 148317.788
13 61 -3638180.36
14 61 110484.343
15 61 11719.92
16 61 6163.30824
17 61 415702.021
18 61 172191.97
19 61 -3019100.12
20 61 146113.193
21 61 -41069.366
22 61 11419.7114
23 61 340036.537
24 61 140117.427
25 61 -3645577.74
26 61 261984.389
27 61 -94497.5101
28 61 22548.6163
29 61 412171.77
30 61 182321.957
31 61 -4058056.01
32 61 198383.586
33 61 -118670.729
34 61 10657.3636
35 61 470822.669
36 61 206824.493
37 61 -6479488.01
38 61 2744.60814
39 61 -23866.503
40 61 -16661.8357
41 61 810667.177
42 61 354969.681
43 61 -8566211.47
44 61 -562210.884
45 61 515400.667
46 61 -57329.4411
47 61 1137440.15
48 61 499730.827
49 61 -7446893.39
50 61 -21661.8536
51 61 125437.775
52 61 -10742.1908
53 61 974077.032
54 61 423810.224
55 61 -8918133.66
56 61 -228079.481
57 61 227410.712
58 61 -23470.3499
59 61 1138720.38
60 61 527439.799
61 61 48504077.8
62 61 -24831.0024
63 61 -581583.58
64 61 46208.1309
65 61 -6150610.59
66 61 -2811793.42
1 62 402898.605
2 62 -1128703.02
3 62 -492605.374
4 62 -122255.176
5 62 -49572.8657
6 62 -7634.16207
7 62 -34518.9252
8 62 -2155460.42
9 62 -740732.435
10 62 -255967.233
11 62 8553.75776
12 62 -574.064438
13 62 70755.1473
14 62 -2532485.93
15 62 -817291.469
16 62 -308768.643
17 62 5548.28621
18 62 -22305.4816
19 62 65313.4238
20 62 -2172756.11
21 62 -676233.629
22 62 -259059.761
23 62 3724.61375
24 62 -20660.4502
25 62 162800.159
26 62 -2600872.9
27 62 -862866.585
28 62 -319988.334
29 62 -5225.42803
30 62 -36709.1521
31 62 128397.819
32 62 -2938615.71
33 62 -986224.991
34 62 -370042.498
35 62 1871.54975
36 62 -31583.4076
37 62 -46871.658
38 62 -5746623.25
39 62 -1662749.22
40 62 -750021.333
41 62 24028.7538
42 62 34139.7183
43 62 -566391.231
44 62 -8387091.11
45 62 -2242663.61
46 62 -1135205.63
47 62 57427.0524
48 62 204493.091
49 62 -34725.1985
50 62 -7641599.57
51 62 -2112271.07
52 62 -1045858.55
53 62 2625.57098
54 62 132715.636
55 62 -305489.881
56 62 -8845772.25
57 62 -2607845.98
58 62 -1202967.34
59 62 22206.2811
60 62 182156.019
61 62 -24831.0024
62 62 42965205.5
63 62 13106908
64 62 5756216.07
65 62 -64262.488
66 62 -416748.875
1 63 -180906.681
2 63 -431149.49
3 63 -242461.713
4 63 -50839.9172
5 63 5685.74903
6 63 7081.61214
7 63 -327569.312
8 63 -822664.243
9 63 -446759.612
10 63 -104456.643
11 63 31072.9889
12 63 14533.0816
13 63 -222061.186
14 63 -935348.335
15 63 -570954.135
16 63 -123354.274
17 63 19697.6363
18 63 3317.91366
19 63 -210345.663
20 63 -762896.746
21 63 -478952.474
22 63 -100512.749
23 63 18567.4154
24 63 1453.71889
25 63 -276859.753
26 63 -969911.894
27 63 -611960.587
28 63 -131996.038
29 63 30733.8703
30 63 1592.74964
31 63 -161790.53
32 63 -1073778.88
33 63 -688760.142
34 63 -147510.612
35 63 15164.553
36 63 -2534.47895
37 63 280666.258
38 63 -1703725.98
39 63 -1376567.43
40 63 -249268.938
41 63 -66866.9819
42 63 -14869.7693
43 63 803491.589
44 63 -2349203.4
45 63 -2053116.4
46 63 -362063.585
47 63 -173751.312
48 63 -11378.8186
49 63 359712.886
50 63 -2072186.31
51 63 -1750632.25
52 63 -318096.285
53 63 -100854.627
54 63 -5089.91907
55 63 333630.946
56 63 -2533411.79
57 63 -2097222.85
58 63 -388622.657
59 63 -105685.28
60 63 2927.58479
61 63 -581583.58
62 63 13106908
63 63 10588365.3
64 63 1986113.32
65 63 332069.935
66 63 18054.3572
1 64 40990.5847
2 64 -125503.518
3 64 -61435.3553
4 64 -15101.4378
5 64 -5752.25283
6 64 -403.439556
7 64 -26422.6131
8 64 -279980.385
9 64 -103704.853
10 64 -34492.7733
11 64 3955.7597
12 64 668.493109
13 64 -11857.641
14 64 -336157.626
15 64 -119719.602
16 64 -43097.4582
17 64 3833.5095
18 64 -2407.72859
19 64 -7040.06855
20 64 -279908.547
21 64 -98386.2469
22 64 -34929.4001
23 64 2376.35573
24 64 -1748.45011
25 64 1290.18965
26 64 -347012.569
27 64 -129992.648
28 64 -44955.8107
29 64 1860.33851
30 64 -4299.31693
31 64 -557.241558
32 64 -396320.011
33 64 -147388.904
34 64 -52686.4014
35 64 2404.33615
36 64 -3421.41896
37 64 -7773.912
38 64 -766956.835
39 64 -252290.053
40 64 -110042.81
41 64 2113.32259
42 64 6300.02548
43 64 -41027.0941
44 64 -1148633.78
45 64 -356334.438
46 64 -170908.665
47 64 690.074248
48 64 28580.0958
49 64 800.59021
50 64 -1046134.85
51 64 -324535.056
52 64 -157796.503
53 64 -3348.98621
54 64 22310.834
55 64 -27200.4148
56 64 -1202853.47
57 64 -398301.114
58 64 -179588.591
59 64 -2052.81988
60 64 28743.1887
61 64 46208.1309
62 64 5756216.07
63 64 1986113.32
64 64 841552.557
65 64 -4725.08701
66 64 -75466.6046
1 65 115088.113
2 65 -10982.7851
3 65 -18699.6249
4 65 -1990.67932
5 65 -12030.5612
6 65 -3753.67598
7 65 382540.147
8 65 11226.7737
9 65 -16702.1426
10 65 1621.566
11 65 -43789.2902
12 65 -17519.2628
13 65 443824.792
14 65 8990.46035
15 65 -852.874614
16 65 2885.17251
17 65 -54586.3019
18 65 -20514.3875
19 65 361919.922
20 65 -1164.00989
21 65 3671.56784
22 65 848.187952
23 65 -43094.0842
24 65 -16361.3253
25 65 438731.516
26 65 -11371.2223
27 65 15709.299
28 65 148.884936
29 65 -52700.8303
30 65 -21491.0389
31 65 496951.047
32 65 -5142.88479
33 65 13425.5998
34 65 1244.98959
35 65 -61451.1499
36 65 -24374.4398
37 65 835056.308
38 65 7123.93803
39 65 -33497.8005
40 65 1379.25113
41 65 -116264.173
42 65 -41195.2462
43 65 1158191.03
44 65 44450.4167
45 65 -141675
46 65 821.693
47 65 -173001.589
48 65 -58156.2337
49 65 985273.366
50 65 -4148.56603
51 65 -75700.4043
52 65 -2883.98017
53 65 -145992.318
54 65 -48872.5301
55 65 1149353.1
56 65 10339.1096
57 65 -94970.9857
58 65 -3122.17408
59 65 -164945.827
60 65 -59764.1756
61 65 -6150610.59
62 65 -64262.488
63 65 332069.935
64 65 -4725.08701
65 65 867589.656
66 65 324006.289
1 66 55202.5244
2 66 -46685.1419
3 66 -21775.8396
4 66 -5444.45501
5 66 -5855.30578
6 66 -2116.57771
7 66 176071.992
8 66 -41618.0768
9 66 -22043.1366
10 66 -5754.25726
11 66 -19262.9738
12 66 -10238.6707
13 66 207358.389
14 66 -46595.5162
15 66 -13518.7869
16 66 -5835.99726
17 66 -23492.0533
18 66 -13776.2671
19 66 165856.525
20 66 -39257.9974
21 66 -9743.10796
22 66 -4188.99274
23 66 -18410.8861
24 66 -10755.7542
25 66 216016.785
26 66 -59951.7566
27 66 -10283.9386
28 66 -7241.76438
29 66 -24281.9184
30 66 -15433.9812
31 66 235505.335
32 66 -41196.4662
33 66 -4824.27769
34 66 -4216.92478
35 66 -26570.9866
36 66 -17178.3242
37 66 373423.242
38 66 62845.7017
39 66 8516.882
40 66 12466.6299
41 66 -42284.0713
42 66 -36693.3999
43 66 526203.91
44 66 239823.918
45 66 8201.62559
46 66 35836.667
47 66 -60944.4904
48 66 -61038.4385
49 66 423639.794
50 66 159645.116
51 66 16682.9251
52 66 28125.1907
53 66 -47998.0713
54 66 -53682.9349
55 66 524166.451
56 66 193139.897
57 66 15202.8811
58 66 31379.9234
59 66 -58345.7238
60 66 -62572.7956
61 66 -2811793.42
62 66 -416748.875
63 66 18054.3572
64 66 -75466.6046
65 66 324006.289
66 66 299443.012
